#   Z    A  M_ej/M_sun
    1    1   4.692e-02
    1    2   8.152e-20
    2    3   1.102e-16
    2    4   3.972e-01
    4    7   5.924e-16
    5    8   9.111e-19
    5   10   1.640e-17
    5   11   1.031e-14
    6   10   2.458e-17
    6   11   2.113e-13
    6   12   4.521e-01
    6   13   2.154e-10
    6   14   8.509e-16
    7   13   2.338e-09
    7   14   1.293e-08
    7   15   1.994e-08
    8   14   1.175e-09
    8   15   3.827e-08
    8   16   1.996e+00
    8   17   5.758e-09
    8   18   1.098e-12
    9   17   6.378e-09
    9   18   1.295e-10
    9   19   2.562e-12
   10   18   5.654e-12
   10   19   3.650e-13
   10   20   1.608e-01
   10   21   1.450e-08
   10   22   4.931e-12
   11   19   1.285e-16
   11   20   2.895e-14
   11   21   1.330e-09
   11   22   1.277e-08
   11   23   5.048e-07
   11   24   4.119e-15
   12   20   6.248e-15
   12   21   1.315e-13
   12   22   7.572e-10
   12   23   4.072e-09
   12   24   2.378e-02
   12   25   1.239e-07
   12   26   2.232e-09
   12   27   4.315e-17
   13   23   6.847e-18
   13   24   1.253e-12
   13   25   2.605e-10
   13   26   1.751e-07
   13   27   4.426e-06
   13   28   3.822e-12
   13   29   1.434e-16
   14   24   3.578e-17
   14   25   8.886e-12
   14   26   1.624e-08
   14   27   1.080e-08
   14   28   1.687e-02
   14   29   5.997e-06
   14   30   2.286e-06
   14   31   7.873e-15
   14   32   3.690e-18
   15   27   4.708e-13
   15   28   1.562e-10
   15   29   1.932e-08
   15   30   5.185e-06
   15   31   7.357e-06
   15   32   2.198e-12
   15   33   1.030e-12
   16   28   8.026e-16
   16   29   1.327e-09
   16   30   4.596e-08
   16   31   1.296e-07
   16   32   7.221e-03
   16   33   2.520e-06
   16   34   2.849e-06
   16   35   2.231e-13
   16   36   1.029e-14
   17   31   1.985e-16
   17   32   1.389e-10
   17   33   1.462e-09
   17   34   9.978e-10
   17   35   8.900e-06
   17   36   1.012e-11
   17   37   1.311e-10
   18   33   6.454e-11
   18   34   1.807e-08
   18   35   5.467e-08
   18   36   1.458e-03
   18   37   6.934e-06
   18   38   7.115e-07
   18   39   1.700e-13
   18   40   8.263e-13
   19   35   1.159e-17
   19   36   5.785e-11
   19   37   1.498e-09
   19   38   5.105e-06
   19   39   9.782e-06
   19   40   1.705e-12
   19   41   2.430e-12
   19   42   2.396e-17
   19   43   1.632e-17
   20   36   3.181e-18
   20   37   4.133e-10
   20   38   4.141e-09
   20   39   1.183e-08
   20   40   2.033e-03
   20   41   6.406e-06
   20   42   5.017e-06
   20   43   3.660e-08
   20   44   8.217e-12
   20   45   2.366e-17
   20   46   2.936e-18
   21   40   4.489e-15
   21   41   5.644e-08
   21   42   3.008e-08
   21   43   8.746e-06
   21   44   5.157e-10
   21   45   1.247e-07
   21   46   9.389e-14
   21   47   9.803e-15
   22   40   5.680e-14
   22   41   1.574e-15
   22   42   8.081e-09
   22   43   3.162e-08
   22   44   1.077e-04
   22   45   2.323e-05
   22   46   2.011e-05
   22   47   1.137e-06
   22   48   1.709e-10
   22   49   1.129e-12
   22   50   5.162e-16
   23   43   4.217e-16
   23   44   2.203e-09
   23   45   3.562e-08
   23   46   1.869e-08
   23   47   3.639e-05
   23   48   2.005e-07
   23   49   1.002e-06
   23   50   1.109e-12
   23   51   2.408e-11
   23   52   7.863e-17
   24   44   9.272e-17
   24   45   9.851e-11
   24   46   1.120e-09
   24   47   9.782e-09
   24   48   2.534e-04
   24   49   4.173e-05
   24   50   3.660e-05
   24   51   1.389e-06
   24   52   1.101e-09
   24   53   7.948e-14
   24   54   6.175e-14
   25   46   1.328e-15
   25   47   1.027e-17
   25   48   1.169e-10
   25   49   9.181e-09
   25   50   5.474e-09
   25   51   6.252e-05
   25   52   2.451e-06
   25   53   4.411e-06
   25   54   4.447e-11
   25   55   1.918e-12
   25   56   3.348e-17
   26   47   1.601e-16
   26   48   3.531e-17
   26   49   1.689e-10
   26   50   8.125e-10
   26   51   1.696e-09
   26   52   1.293e-03
   26   53   3.550e-05
   26   54   3.924e-05
   26   55   6.893e-08
   26   56   3.899e-05
   26   57   2.989e-11
   26   58   3.016e-12
   26   59   5.170e-18
   27   51   5.787e-18
   27   52   8.595e-14
   27   53   4.385e-09
   27   54   3.299e-09
   27   55   6.759e-05
   27   56   9.074e-05
   27   57   9.689e-06
   27   58   4.251e-10
   27   59   3.138e-09
   27   60   1.434e-13
   27   61   5.310e-15
   28   52   7.440e-18
   28   53   2.688e-14
   28   54   9.532e-10
   28   55   1.807e-09
   28   56   7.881e-01
   28   57   2.097e-02
   28   58   6.548e-03
   28   59   8.527e-04
   28   60   7.598e-04
   28   61   1.062e-06
   28   62   1.307e-06
   28   63   1.229e-11
   28   64   2.128e-12
   29   56   1.538e-16
   29   57   9.468e-07
   29   58   6.136e-06
   29   59   8.397e-04
   29   60   7.628e-03
   29   61   1.181e-04
   29   62   8.509e-07
   29   63   2.789e-06
   29   64   9.755e-10
   29   65   5.919e-10
   29   66   3.597e-15
   29   67   3.283e-17
   30   57   4.393e-18
   30   58   5.549e-08
   30   59   3.233e-07
   30   60   1.550e-02
   30   61   1.399e-04
   30   62   3.558e-04
   30   63   4.332e-05
   30   64   3.042e-04
   30   65   1.052e-06
   30   66   5.915e-06
   30   67   2.877e-10
   30   68   1.064e-10
   30   69   7.526e-17
   30   70   2.491e-17
   31   60   6.210e-15
   31   61   4.426e-10
   31   62   5.726e-08
   31   63   1.084e-05
   31   64   3.545e-04
   31   65   1.143e-05
   31   66   6.207e-08
   31   67   3.158e-07
   31   68   5.957e-10
   31   69   1.484e-09
   31   70   9.459e-14
   31   71   2.248e-14
   32   61   4.160e-17
   32   62   3.838e-12
   32   63   7.165e-09
   32   64   3.293e-04
   32   65   4.219e-06
   32   66   9.427e-06
   32   67   2.116e-06
   32   68   1.127e-05
   32   69   6.826e-08
   32   70   1.174e-06
   32   71   2.711e-10
   32   72   8.874e-10
   32   73   2.540e-14
   32   74   4.580e-15
   33   64   1.619e-17
   33   65   9.075e-14
   33   66   8.819e-09
   33   67   1.282e-06
   33   68   1.239e-05
   33   69   6.142e-07
   33   70   6.250e-09
   33   71   2.157e-08
   33   72   5.278e-11
   33   73   4.777e-10
   33   74   6.687e-13
   33   75   2.801e-13
   33   76   1.798e-17
   34   66   3.930e-16
   34   67   6.876e-10
   34   68   6.780e-06
   34   69   3.493e-07
   34   70   4.236e-07
   34   71   1.691e-07
   34   72   3.529e-07
   34   73   8.337e-09
   34   74   1.098e-07
   34   75   8.569e-10
   34   76   1.502e-09
   34   77   5.118e-13
   34   78   3.221e-13
   34   79   1.054e-17
   34   80   1.162e-17
   35   69   2.433e-16
   35   70   9.871e-10
   35   71   8.406e-08
   35   72   5.672e-07
   35   73   5.674e-08
   35   74   2.295e-09
   35   75   2.328e-09
   35   76   2.244e-11
   35   77   1.778e-10
   35   78   1.412e-13
   35   79   2.407e-12
   35   80   1.770e-15
   35   81   5.715e-16
   36   70   4.089e-18
   36   71   3.028e-11
   36   72   2.390e-07
   36   73   5.209e-08
   36   74   6.063e-08
   36   75   2.383e-08
   36   76   4.307e-08
   36   77   1.876e-09
   36   78   8.074e-09
   36   79   2.209e-10
   36   80   4.260e-09
   36   81   1.636e-11
   36   82   1.890e-11
   36   83   1.093e-14
   36   84   6.503e-15
   37   74   1.619e-10
   37   75   1.529e-08
   37   76   4.213e-08
   37   77   1.887e-08
   37   78   2.234e-09
   37   79   6.016e-10
   37   80   1.200e-11
   37   81   7.151e-11
   37   82   1.971e-13
   37   83   1.814e-11
   37   84   2.325e-13
   37   85   1.942e-13
   37   86   1.392e-15
   37   87   1.213e-16
   38   75   6.919e-12
   38   76   1.567e-08
   38   77   6.748e-09
   38   78   1.640e-08
   38   79   4.082e-09
   38   80   5.395e-09
   38   81   8.983e-10
   38   82   1.322e-09
   38   83   1.040e-10
   38   84   1.460e-09
   38   85   8.501e-11
   38   86   1.421e-10
   38   87   3.481e-12
   38   88   2.238e-12
   39   77   1.724e-16
   39   78   2.259e-11
   39   79   2.488e-09
   39   80   5.351e-09
   39   81   3.185e-09
   39   82   4.179e-10
   39   83   5.990e-10
   39   84   2.045e-11
   39   85   3.240e-11
   39   86   3.171e-12
   39   87   3.190e-11
   39   88   6.755e-12
   39   89   2.681e-11
   39   90   1.467e-16
   40   79   5.396e-13
   40   80   1.092e-09
   40   81   7.086e-10
   40   82   1.910e-09
   40   83   1.180e-09
   40   84   1.637e-09
   40   85   8.703e-10
   40   86   1.360e-10
   40   87   2.720e-11
   40   88   2.330e-10
   40   89   1.091e-10
   40   90   9.928e-09
   40   91   4.627e-13
   40   92   1.094e-15
   41   82   1.580e-12
   41   83   1.274e-10
   41   84   4.458e-10
   41   85   7.837e-10
   41   86   7.735e-10
   41   87   4.380e-10
   41   88   1.373e-11
   41   89   2.093e-11
   41   90   1.280e-12
   41   91   3.937e-10
   41   92   8.847e-14
   41   93   4.401e-15
   42   83   1.495e-15
   42   84   3.043e-11
   42   85   4.884e-11
   42   86   5.816e-10
   42   87   3.502e-10
   42   88   4.154e-10
   42   89   2.056e-10
   42   90   2.158e-10
   42   91   7.001e-12
   42   92   1.335e-09
   42   93   4.924e-12
   42   94   1.015e-12
   42   95   1.539e-16
   43   86   1.123e-14
   43   87   7.373e-12
   43   88   3.461e-11
   43   89   1.036e-10
   43   90   2.417e-11
   43   91   9.815e-11
   43   92   3.763e-12
   43   93   1.770e-12
   43   94   1.488e-14
   43   95   1.435e-14
   43   96   3.230e-17
   44   88   2.438e-13
   44   89   4.493e-13
   44   90   6.726e-11
   44   91   1.233e-11
   44   92   4.894e-11
   44   93   7.304e-12
   44   94   1.394e-12
   44   95   8.482e-14
   44   96   2.846e-14
   44   97   1.830e-16
   44   98   1.557e-16
   45   90   9.839e-18
   45   91   1.429e-13
   45   92   4.918e-13
   45   93   3.238e-12
   45   94   5.487e-12
   45   95   1.793e-12
   45   96   8.618e-14
   45   97   2.428e-15
   45   98   5.118e-17
   46   92   2.811e-16
   46   93   1.260e-15
   46   94   9.825e-13
   46   95   1.195e-13
   46   96   6.055e-13
   46   97   3.747e-14
   46   98   6.010e-15
   46   99   2.994e-16
   46  100   1.026e-17
   47   95   1.056e-15
   47   96   9.204e-15
   47   97   3.198e-14
   47   98   1.755e-14
   47   99   2.973e-15
   47  100   1.120e-16
   47  101   5.596e-18
   48   97   1.154e-17
   48   98   2.976e-15
   48   99   1.479e-15
   48  100   2.714e-16
   48  101   3.115e-17
   48  102   5.907e-18
   49  101   1.183e-17
   49  102   5.158e-18
