#   Z    A  M_ej/M_sun
    0    1   1.909e-14
    1    1   1.065e-03
    1    2   1.171e-12
    1    3   2.664e-15
    2    3   6.102e-15
    2    4   1.244e-01
    3    6   4.897e-16
    3    7   2.481e-13
    3    8   1.022e-14
    4    7   7.873e-16
    4    9   1.357e-12
    4   10   8.834e-12
    4   11   1.195e-18
    5   10   9.809e-18
    5   11   2.242e-13
    6   10   1.636e-18
    6   11   1.117e-12
    6   12   2.665e-01
    6   13   6.844e-10
    6   14   2.215e-11
    6   16   9.951e-08
    7   13   1.500e-09
    7   14   2.056e-07
    7   15   7.014e-08
    7   16   1.049e-08
    7   17   6.100e-10
    8   14   1.647e-09
    8   15   1.217e-07
    8   16   1.061e+00
    8   17   3.894e-09
    8   18   3.210e-09
    8   19   2.791e-12
    8   20   8.563e-14
    8   21   1.935e-14
    9   17   6.468e-10
    9   18   2.009e-10
    9   19   6.947e-09
    9   20   2.643e-13
    9   21   9.903e-13
    9   22   2.389e-17
   10   18   7.429e-13
   10   19   2.929e-12
   10   20   5.975e-02
   10   21   4.470e-07
   10   22   1.301e-08
   10   23   2.537e-11
   10   24   3.740e-07
   11   20   3.484e-16
   11   21   2.572e-08
   11   22   1.185e-07
   11   23   5.974e-06
   11   24   1.542e-07
   11   25   3.540e-10
   12   21   9.781e-18
   12   22   2.890e-13
   12   23   5.494e-08
   12   24   1.768e-02
   12   25   5.740e-07
   12   26   2.456e-07
   12   27   2.335e-06
   12   28   1.315e-07
   12   29   2.661e-17
   13   24   1.146e-14
   13   25   5.053e-11
   13   26   1.156e-06
   13   27   1.773e-05
   13   28   2.562e-09
   13   29   2.300e-08
   13   30   1.878e-14
   14   25   1.085e-15
   14   26   1.410e-14
   14   27   9.251e-11
   14   28   5.089e-02
   14   29   1.660e-05
   14   30   6.847e-06
   14   31   7.271e-08
   14   32   8.715e-08
   14   33   1.365e-11
   14   34   1.194e-15
   15   27   2.169e-15
   15   28   3.094e-15
   15   29   5.036e-11
   15   30   1.282e-05
   15   31   1.340e-05
   15   32   1.457e-09
   15   33   2.884e-07
   15   34   2.855e-09
   15   35   4.668e-09
   15   36   6.105e-12
   15   37   9.796e-18
   16   29   3.106e-16
   16   30   1.995e-14
   16   31   7.325e-13
   16   32   2.374e-02
   16   33   5.377e-06
   16   34   3.187e-06
   16   35   1.859e-08
   16   36   2.885e-07
   16   37   1.006e-07
   16   38   1.598e-07
   16   39   3.581e-09
   16   40   7.566e-10
   16   41   3.654e-17
   17   31   7.170e-19
   17   32   7.641e-17
   17   33   2.804e-13
   17   34   1.982e-13
   17   35   5.713e-06
   17   36   7.865e-11
   17   37   2.589e-08
   17   38   1.783e-09
   17   39   8.795e-07
   17   40   4.600e-07
   17   41   9.314e-07
   17   42   5.874e-10
   17   43   1.408e-14
   18   34   1.174e-14
   18   35   8.014e-14
   18   36   4.657e-03
   18   37   2.706e-06
   18   38   3.536e-07
   18   39   1.563e-08
   18   40   4.908e-07
   18   41   4.092e-06
   18   42   4.170e-06
   18   43   6.483e-07
   18   44   6.629e-07
   18   45   1.071e-07
   18   46   5.042e-09
   18   47   1.094e-18
   19   36   7.395e-17
   19   37   5.995e-13
   19   38   1.495e-06
   19   39   2.355e-06
   19   40   1.206e-10
   19   41   2.703e-08
   19   42   1.032e-10
   19   43   1.467e-07
   19   44   6.576e-08
   19   45   2.069e-06
   19   46   4.601e-06
   19   47   2.290e-07
   19   48   1.019e-09
   19   49   1.303e-08
   20   37   2.066e-18
   20   38   1.141e-15
   20   39   1.138e-13
   20   40   5.722e-03
   20   41   1.530e-06
   20   42   1.021e-06
   20   43   1.079e-08
   20   44   5.783e-09
   20   45   9.999e-08
   20   46   3.448e-06
   20   47   8.687e-06
   20   48   1.904e-04
   20   49   2.342e-05
   20   50   4.500e-06
   20   51   1.937e-08
   20   52   1.320e-11
   21   40   1.267e-18
   21   41   3.511e-14
   21   42   2.392e-13
   21   43   1.288e-06
   21   44   4.414e-10
   21   45   3.908e-08
   21   46   1.108e-09
   21   47   3.176e-09
   21   48   4.238e-09
   21   49   6.732e-06
   21   50   2.502e-04
   21   51   4.812e-07
   21   52   6.098e-09
   21   53   4.185e-15
   22   40   1.273e-15
   22   42   1.750e-18
   22   43   4.660e-17
   22   44   2.920e-05
   22   45   2.983e-06
   22   46   2.022e-06
   22   47   1.035e-07
   22   48   2.756e-08
   22   49   1.133e-07
   22   50   3.462e-04
   22   51   4.503e-05
   22   52   6.906e-06
   22   53   2.189e-06
   22   54   9.679e-15
   23   45   9.244e-14
   23   46   5.434e-14
   23   47   2.857e-06
   23   48   1.174e-07
   23   49   2.255e-07
   23   50   2.008e-09
   23   51   8.984e-06
   23   52   5.046e-06
   23   53   1.172e-05
   23   54   6.333e-06
   23   55   8.057e-10
   24   47   2.686e-18
   24   48   1.025e-04
   24   49   4.560e-06
   24   50   4.116e-06
   24   51   3.542e-07
   24   52   3.630e-06
   24   53   9.736e-06
   24   54   8.828e-04
   24   55   6.574e-06
   24   56   1.917e-05
   24   57   2.043e-07
   24   58   2.133e-09
   25   49   1.921e-14
   25   50   9.909e-15
   25   51   7.809e-06
   25   52   2.169e-06
   25   53   1.695e-06
   25   54   4.551e-08
   25   55   2.776e-05
   25   56   4.991e-06
   25   57   1.153e-05
   25   58   1.600e-09
   25   59   4.052e-12
   26   52   1.046e-03
   26   53   9.750e-06
   26   54   1.347e-05
   26   55   1.214e-06
   26   56   3.623e-04
   26   57   2.582e-05
   26   58   3.768e-03
   26   59   1.834e-05
   26   60   7.632e-04
   26   61   3.820e-06
   26   62   3.080e-06
   26   63   1.663e-10
   26   64   1.162e-16
   27   53   1.718e-14
   27   54   1.131e-14
   27   55   2.076e-05
   27   56   1.800e-05
   27   57   8.156e-06
   27   58   8.248e-07
   27   59   4.078e-05
   27   60   1.120e-06
   27   61   8.077e-05
   27   62   3.642e-06
   27   63   1.916e-06
   27   64   2.274e-16
   28   56   1.645e-01
   28   57   2.081e-03
   28   58   1.357e-02
   28   59   5.779e-04
   28   60   2.260e-02
   28   61   2.735e-04
   28   62   2.096e-02
   28   63   8.436e-05
   28   64   7.534e-03
   28   65   1.480e-05
   28   66   1.547e-03
   28   67   4.553e-07
   28   68   8.894e-06
   28   69   2.387e-08
   28   70   2.552e-09
   28   71   1.845e-15
   28   72   2.056e-18
   29   57   2.019e-10
   29   58   3.389e-09
   29   59   2.366e-04
   29   60   1.327e-03
   29   61   1.398e-04
   29   62   5.274e-06
   29   63   4.090e-04
   29   64   3.782e-06
   29   65   1.111e-04
   29   66   8.247e-07
   29   67   3.558e-05
   29   68   2.117e-05
   29   69   8.837e-06
   29   70   1.231e-05
   29   71   2.053e-07
   29   72   4.055e-09
   29   73   4.074e-11
   29   74   3.272e-18
   30   58   2.984e-17
   30   59   3.849e-16
   30   60   2.736e-03
   30   61   3.281e-05
   30   62   8.779e-04
   30   63   3.930e-05
   30   64   3.984e-03
   30   65   5.882e-05
   30   66   4.355e-03
   30   67   4.469e-06
   30   68   3.520e-04
   30   69   3.913e-06
   30   70   6.390e-05
   30   71   3.671e-06
   30   72   5.659e-05
   30   73   2.012e-06
   30   74   5.222e-05
   30   75   8.094e-08
   30   76   3.527e-09
   30   77   1.086e-15
   30   78   4.448e-18
   31   61   7.307e-13
   31   62   1.189e-14
   31   63   1.406e-06
   31   64   7.630e-05
   31   65   2.215e-06
   31   66   6.202e-08
   31   67   9.308e-06
   31   68   2.668e-07
   31   69   1.264e-05
   31   70   4.329e-08
   31   71   2.682e-06
   31   72   3.087e-08
   31   73   2.572e-05
   31   74   4.801e-05
   31   75   2.714e-05
   31   76   1.563e-05
   31   77   7.340e-07
   31   78   3.112e-09
   31   79   1.944e-12
   31   80   3.679e-17
   31   81   1.552e-18
   32   64   6.504e-05
   32   65   3.778e-07
   32   66   5.935e-06
   32   67   4.064e-07
   32   68   9.792e-05
   32   69   1.693e-06
   32   70   3.127e-04
   32   71   9.733e-07
   32   72   8.243e-05
   32   73   2.340e-07
   32   74   1.955e-05
   32   75   1.572e-05
   32   76   2.198e-04
   32   77   7.472e-05
   32   78   2.844e-04
   32   79   9.949e-06
   32   80   2.426e-05
   32   81   1.463e-07
   32   82   2.432e-09
   32   83   1.000e-15
   32   84   3.551e-16
   32   85   6.418e-17
   32   86   1.996e-18
   33   65   2.167e-16
   33   66   7.472e-17
   33   67   4.942e-08
   33   68   4.960e-07
   33   69   1.810e-08
   33   70   1.450e-09
   33   71   7.814e-08
   33   72   8.272e-09
   33   73   1.094e-06
   33   74   2.509e-08
   33   75   9.191e-07
   33   76   1.013e-08
   33   77   5.262e-06
   33   78   3.403e-06
   33   79   2.258e-04
   33   80   2.208e-05
   33   81   7.256e-05
   33   82   3.017e-05
   33   83   2.210e-06
   33   84   4.194e-11
   33   85   3.183e-10
   33   86   5.099e-16
   33   87   1.120e-16
   33   88   1.766e-18
   34   68   1.654e-07
   34   69   3.374e-09
   34   70   2.805e-08
   34   71   3.114e-09
   34   72   9.482e-07
   34   73   3.613e-08
   34   74   1.038e-05
   34   75   6.366e-07
   34   76   2.638e-05
   34   77   1.780e-07
   34   78   1.385e-05
   34   79   2.134e-05
   34   80   2.077e-04
   34   81   3.113e-04
   34   82   9.432e-04
   34   83   2.268e-04
   34   84   2.436e-04
   34   85   8.131e-06
   34   86   4.576e-06
   34   87   5.852e-10
   34   88   9.136e-15
   34   89   7.122e-16
   34   90   1.688e-16
   34   91   5.545e-17
   34   92   3.575e-18
   35   71   3.016e-10
   35   72   3.187e-09
   35   73   2.764e-10
   35   74   2.031e-11
   35   75   1.329e-09
   35   76   3.722e-10
   35   77   2.179e-07
   35   78   2.564e-09
   35   79   6.557e-07
   35   80   1.538e-08
   35   81   1.321e-05
   35   82   1.644e-07
   35   83   2.342e-05
   35   84   9.782e-05
   35   85   1.103e-04
   35   86   1.620e-04
   35   87   2.040e-05
   35   88   5.188e-06
   35   89   2.897e-09
   35   90   3.057e-14
   35   91   4.681e-15
   35   92   4.878e-16
   35   93   1.442e-16
   35   94   1.301e-17
   36   72   2.985e-10
   36   73   7.281e-11
   36   74   2.302e-10
   36   75   6.918e-11
   36   76   8.885e-09
   36   77   1.059e-09
   36   78   3.759e-07
   36   79   5.894e-08
   36   80   2.871e-06
   36   81   1.118e-07
   36   82   5.320e-06
   36   83   2.559e-07
   36   84   5.404e-05
   36   85   4.772e-05
   36   86   1.514e-03
   36   87   4.966e-05
   36   88   5.201e-04
   36   89   2.708e-04
   36   90   1.104e-04
   36   91   4.073e-08
   36   92   5.375e-14
   36   93   2.541e-14
   36   94   2.653e-15
   36   95   2.115e-16
   36   96   6.413e-17
   36   97   7.363e-18
   37   75   6.544e-12
   37   76   2.367e-11
   37   77   1.435e-11
   37   78   6.340e-11
   37   79   4.653e-11
   37   80   1.348e-11
   37   81   5.907e-09
   37   82   1.646e-10
   37   83   2.998e-07
   37   84   4.409e-08
   37   85   6.674e-07
   37   86   2.336e-07
   37   87   2.501e-04
   37   88   4.101e-06
   37   89   1.229e-04
   37   90   5.735e-04
   37   91   3.666e-05
   37   92   4.417e-10
   37   93   7.841e-09
   37   94   1.843e-13
   37   95   1.207e-14
   37   96   3.643e-15
   37   97   1.272e-15
   37   98   1.133e-16
   37   99   2.091e-17
   37  100   2.798e-18
   38   76   2.198e-13
   38   77   8.098e-14
   38   78   1.246e-10
   38   79   2.226e-11
   38   80   1.324e-10
   38   81   7.223e-11
   38   82   8.912e-09
   38   83   5.500e-09
   38   84   2.408e-07
   38   85   9.590e-08
   38   86   1.467e-06
   38   87   9.068e-07
   38   88   3.769e-03
   38   89   1.932e-05
   38   90   2.460e-04
   38   91   7.195e-05
   38   92   2.033e-04
   38   93   1.958e-04
   38   94   1.224e-04
   38   95   7.168e-07
   38   96   7.044e-14
   38   97   2.292e-14
   38   98   2.482e-14
   38   99   4.608e-15
   38  100   1.382e-15
   38  101   1.230e-16
   38  102   3.027e-17
   38  103   2.428e-18
   39   79   2.884e-13
   39   80   4.309e-12
   39   81   3.323e-11
   39   82   6.081e-11
   39   83   1.751e-10
   39   84   1.028e-11
   39   85   1.311e-10
   39   86   5.010e-10
   39   87   2.218e-08
   39   88   4.104e-08
   39   89   1.087e-04
   39   90   2.383e-07
   39   91   1.810e-06
   39   92   1.557e-06
   39   93   2.991e-05
   39   94   1.722e-04
   39   95   2.086e-05
   39   96   8.781e-10
   39   97   8.807e-12
   39   98   3.865e-14
   39   99   9.160e-14
   39  100   3.216e-14
   39  101   1.227e-14
   39  102   3.227e-15
   39  103   4.670e-16
   39  104   1.033e-16
   39  105   1.028e-17
   40   80   7.443e-17
   40   81   4.736e-16
   40   82   1.743e-10
   40   83   4.826e-11
   40   84   2.183e-10
   40   85   2.438e-10
   40   86   5.428e-10
   40   87   1.360e-10
   40   88   1.495e-08
   40   89   7.009e-08
   40   90   2.695e-04
   40   91   6.303e-07
   40   92   2.545e-07
   40   93   5.982e-08
   40   94   7.081e-06
   40   95   2.169e-06
   40   96   6.663e-05
   40   97   3.759e-05
   40   98   3.916e-06
   40   99   1.652e-13
   40  100   1.424e-08
   40  101   1.957e-13
   40  102   1.783e-12
   40  103   5.799e-14
   40  104   2.361e-14
   40  105   6.363e-15
   40  106   3.568e-16
   40  107   6.317e-17
   40  108   5.946e-18
   41   83   1.261e-17
   41   84   1.036e-13
   41   85   1.167e-11
   41   86   5.107e-10
   41   87   2.806e-10
   41   88   2.235e-10
   41   89   1.526e-10
   41   90   8.068e-11
   41   91   4.900e-07
   41   92   1.704e-09
   41   93   2.301e-09
   41   94   1.646e-11
   41   95   7.721e-10
   41   96   5.693e-10
   41   97   1.498e-07
   41   98   4.023e-07
   41   99   2.184e-07
   41  100   3.815e-09
   41  101   3.207e-08
   41  102   1.059e-09
   41  103   1.351e-13
   41  104   3.545e-09
   41  105   2.861e-12
   41  106   3.349e-14
   41  107   6.031e-15
   41  108   1.370e-15
   41  109   9.587e-17
   41  110   1.762e-17
   42   86   2.956e-11
   42   87   6.727e-12
   42   88   1.517e-09
   42   89   2.086e-10
   42   90   1.097e-09
   42   91   4.815e-10
   42   92   1.731e-07
   42   93   6.476e-09
   42   94   1.357e-08
   42   95   6.805e-11
   42   96   7.707e-11
   42   97   1.848e-09
   42   98   2.825e-05
   42   99   1.178e-05
   42  100   7.870e-05
   42  101   1.092e-04
   42  102   2.641e-04
   42  103   7.112e-05
   42  104   2.234e-04
   42  105   4.463e-05
   42  106   6.209e-08
   42  107   1.308e-11
   42  108   8.281e-14
   42  109   2.469e-14
   42  110   4.557e-15
   42  111   5.057e-16
   42  112   9.388e-17
   42  113   6.797e-18
   43   88   1.858e-16
   43   89   1.913e-12
   43   90   1.465e-13
   43   91   9.395e-10
   43   92   2.117e-09
   43   93   3.137e-09
   43   94   1.074e-08
   43   95   3.975e-10
   43   96   5.958e-13
   43   97   6.905e-13
   43   98   1.630e-14
   43   99   2.470e-09
   43  100   5.368e-13
   43  101   7.224e-06
   43  102   2.073e-06
   43  103   6.004e-05
   43  104   3.805e-04
   43  105   2.218e-04
   43  106   1.306e-05
   43  107   8.467e-06
   43  108   1.711e-09
   43  109   1.084e-13
   43  110   8.594e-14
   43  111   1.913e-14
   43  112   6.928e-15
   43  113   1.534e-15
   43  114   1.037e-16
   43  115   2.869e-17
   44   90   4.279e-13
   44   91   8.268e-14
   44   92   6.589e-09
   44   93   7.126e-10
   44   94   4.822e-07
   44   95   5.780e-08
   44   96   1.373e-08
   44   97   3.077e-10
   44   98   5.469e-11
   44   99   1.135e-14
   44  100   1.965e-11
   44  101   2.688e-07
   44  102   2.268e-05
   44  103   5.489e-05
   44  104   1.306e-05
   44  105   2.239e-05
   44  106   4.774e-05
   44  107   1.191e-04
   44  108   1.374e-04
   44  109   1.389e-05
   44  110   3.696e-07
   44  111   3.016e-13
   44  112   2.114e-13
   44  113   5.809e-14
   44  114   2.001e-14
   44  115   4.159e-15
   44  116   3.877e-16
   44  117   8.578e-17
   44  118   1.648e-17
   45   93   7.735e-13
   45   94   1.903e-10
   45   95   2.099e-07
   45   96   2.024e-07
   45   97   1.484e-08
   45   98   7.939e-10
   45   99   3.867e-11
   45  100   3.106e-14
   45  101   5.671e-15
   45  102   6.656e-17
   45  103   4.444e-10
   45  104   1.349e-15
   45  105   3.760e-08
   45  106   2.940e-11
   45  107   2.657e-05
   45  108   8.645e-06
   45  109   4.723e-05
   45  110   1.289e-07
   45  111   1.907e-07
   45  112   2.321e-10
   45  113   8.421e-13
   45  114   2.049e-13
   45  115   7.263e-14
   45  116   2.426e-14
   45  117   1.396e-14
   45  118   6.021e-15
   45  119   2.749e-15
   45  120   1.102e-16
   45  121   1.990e-16
   45  122   8.839e-17
   45  123   5.282e-17
   45  124   1.640e-17
   46   94   3.857e-14
   46   95   1.766e-15
   46   96   2.806e-07
   46   97   3.369e-08
   46   98   1.356e-08
   46   99   1.142e-09
   46  100   2.939e-10
   46  101   5.761e-12
   46  102   4.986e-13
   46  103   4.837e-15
   46  104   4.988e-15
   46  105   5.758e-12
   46  106   2.764e-11
   46  107   5.732e-07
   46  108   2.586e-05
   46  109   3.283e-05
   46  110   7.567e-05
   46  111   4.194e-05
   46  112   5.149e-05
   46  113   4.700e-05
   46  114   1.200e-04
   46  115   4.427e-06
   46  116   2.976e-07
   46  117   9.066e-11
   46  118   1.717e-13
   46  119   7.843e-14
   46  120   5.211e-14
   46  121   2.127e-14
   46  122   1.084e-14
   46  123   3.789e-15
   46  124   3.240e-16
   46  125   6.014e-16
   46  126   3.426e-16
   46  127   7.855e-17
   47   96   4.384e-18
   47   97   1.336e-10
   47   98   8.026e-10
   47   99   1.448e-09
   47  100   6.278e-10
   47  101   8.170e-11
   47  102   1.014e-11
   47  103   5.098e-13
   47  104   1.579e-13
   47  105   5.407e-15
   47  107   1.042e-17
   47  108   4.141e-17
   47  109   1.939e-08
   47  110   1.320e-14
   47  111   1.640e-06
   47  112   4.188e-08
   47  113   4.653e-05
   47  114   3.931e-06
   47  115   5.796e-05
   47  116   4.049e-05
   47  117   3.330e-05
   47  118   2.250e-11
   47  119   1.044e-06
   47  120   2.243e-13
   47  121   1.942e-13
   47  122   1.537e-13
   47  123   9.218e-14
   47  124   3.546e-14
   47  125   1.852e-14
   47  126   5.074e-15
   47  127   2.337e-15
   47  128   7.577e-16
   47  129   2.264e-16
   47  130   8.317e-18
   48   98   2.133e-13
   48   99   1.322e-11
   48  100   2.742e-10
   48  101   5.621e-11
   48  102   4.491e-11
   48  103   3.069e-12
   48  104   7.957e-12
   48  105   4.486e-13
   48  106   1.065e-13
   48  107   6.593e-15
   48  108   8.562e-15
   48  109   2.777e-17
   48  110   7.955e-14
   48  111   7.424e-11
   48  112   1.187e-10
   48  113   8.935e-08
   48  114   6.209e-05
   48  115   2.391e-06
   48  116   1.023e-05
   48  117   4.452e-05
   48  118   5.084e-05
   48  119   1.701e-05
   48  120   8.340e-06
   48  121   2.083e-07
   48  122   4.267e-10
   48  123   1.262e-12
   48  124   1.107e-12
   48  125   5.688e-13
   48  126   3.445e-13
   48  127   1.114e-13
   48  128   4.269e-14
   48  129   1.736e-14
   48  130   6.039e-15
   48  131   5.186e-16
   48  132   4.596e-16
   48  133   8.034e-18
   49  100   7.763e-18
   49  101   1.890e-14
   49  102   5.648e-14
   49  103   2.983e-13
   49  104   1.270e-13
   49  105   1.605e-12
   49  106   5.727e-13
   49  107   2.051e-13
   49  108   8.272e-13
   49  109   1.100e-14
   49  110   4.035e-14
   49  111   7.291e-15
   49  113   4.317e-18
   49  114   9.523e-16
   49  115   3.500e-10
   49  116   3.275e-16
   49  117   1.816e-07
   49  118   8.431e-08
   49  119   4.862e-06
   49  120   5.383e-07
   49  121   2.874e-06
   49  122   1.709e-10
   49  123   1.202e-09
   49  124   3.207e-12
   49  125   3.044e-12
   49  126   2.364e-12
   49  127   1.801e-12
   49  128   9.743e-13
   49  129   3.777e-13
   49  130   7.475e-14
   49  131   3.253e-14
   49  132   7.789e-15
   49  133   1.472e-14
   49  134   1.188e-15
   49  135   4.276e-17
   49  136   5.216e-18
   50  103   4.251e-18
   50  104   2.744e-15
   50  105   5.277e-15
   50  106   7.182e-13
   50  107   1.104e-13
   50  108   7.090e-12
   50  109   1.566e-13
   50  110   8.667e-12
   50  111   3.088e-13
   50  112   1.224e-11
   50  113   1.008e-12
   50  114   1.224e-12
   50  115   1.791e-13
   50  116   1.575e-14
   50  117   1.670e-09
   50  118   9.679e-07
   50  119   1.044e-06
   50  120   2.080e-05
   50  121   2.064e-05
   50  122   2.305e-05
   50  123   1.358e-05
   50  124   1.220e-05
   50  125   1.414e-05
   50  126   7.788e-05
   50  127   4.254e-05
   50  128   2.020e-04
   50  129   8.403e-05
   50  130   7.038e-04
   50  131   1.910e-04
   50  132   5.148e-05
   50  133   1.594e-13
   50  134   5.963e-14
   50  135   9.912e-15
   50  136   1.838e-15
   50  137   6.898e-16
   50  138   4.623e-17
   50  139   2.041e-17
   50  140   6.527e-18
   51  109   1.602e-16
   51  110   6.950e-17
   51  111   1.476e-13
   51  112   4.665e-15
   51  113   5.224e-12
   51  114   3.987e-14
   51  115   4.926e-12
   51  116   4.529e-15
   51  117   1.046e-16
   51  118   1.868e-17
   51  119   3.350e-17
   51  120   1.699e-17
   51  121   8.321e-09
   51  122   8.803e-14
   51  123   7.217e-11
   51  124   1.011e-12
   51  125   1.093e-09
   51  126   2.814e-12
   51  127   3.791e-07
   51  128   3.847e-06
   51  129   5.570e-05
   51  130   2.438e-04
   51  131   4.438e-04
   51  132   1.726e-04
   51  133   1.189e-05
   51  134   2.271e-13
   51  135   2.556e-13
   51  136   5.213e-14
   51  137   1.938e-14
   51  138   7.162e-15
   51  139   2.934e-15
   51  140   1.620e-16
   51  141   7.770e-17
   51  142   2.113e-17
   51  143   8.764e-18
   52  118   1.641e-13
   52  119   1.466e-14
   52  120   3.354e-15
   52  121   2.582e-16
   52  122   7.282e-16
   52  124   1.147e-17
   52  125   4.163e-16
   52  126   1.578e-16
   52  127   3.925e-11
   52  128   4.099e-09
   52  129   1.331e-07
   52  130   3.757e-06
   52  131   1.350e-05
   52  132   5.025e-05
   52  133   6.951e-06
   52  134   2.585e-05
   52  135   6.521e-07
   52  136   1.646e-07
   52  137   3.672e-13
   52  138   9.424e-14
   52  139   6.818e-15
   52  140   1.935e-15
   52  141   4.966e-16
   52  142   3.293e-16
   52  143   1.140e-16
   52  144   8.742e-17
   52  145   2.292e-17
   52  146   8.644e-18
   53  119   2.352e-13
   53  120   2.845e-16
   53  121   2.776e-14
   53  122   4.147e-15
   53  123   7.326e-16
   53  125   1.796e-16
   53  127   2.748e-14
   53  129   7.936e-10
   53  130   2.886e-15
   53  131   2.386e-07
   53  132   5.029e-09
   53  133   3.510e-07
   53  134   6.849e-07
   53  135   1.758e-05
   53  136   3.166e-06
   53  137   7.720e-07
   53  138   3.272e-10
   53  139   4.053e-13
   53  140   7.293e-14
   53  141   2.245e-14
   53  142   3.762e-15
   53  143   8.834e-16
   53  144   4.330e-16
   53  145   4.887e-16
   53  146   1.857e-16
   53  147   1.065e-16
   53  148   2.524e-17
   53  149   8.317e-18
   54  122   5.079e-12
   54  123   1.021e-13
   54  124   1.198e-11
   54  125   2.890e-13
   54  126   7.630e-14
   54  127   4.186e-16
   54  128   7.565e-16
   54  130   3.118e-18
   54  131   6.734e-12
   54  132   1.223e-11
   54  133   1.156e-10
   54  134   7.465e-09
   54  135   3.690e-08
   54  136   2.537e-06
   54  137   6.124e-06
   54  138   1.996e-06
   54  139   1.643e-06
   54  140   5.487e-08
   54  141   2.912e-13
   54  142   1.680e-13
   54  143   3.232e-14
   54  144   1.437e-14
   54  145   1.793e-15
   54  146   1.454e-15
   54  147   6.185e-16
   54  148   4.173e-16
   54  149   1.835e-16
   54  150   6.479e-17
   54  151   1.597e-17
   54  152   3.917e-18
   55  123   4.548e-13
   55  124   4.747e-16
   55  125   1.076e-11
   55  126   2.623e-14
   55  127   1.234e-13
   55  128   4.370e-15
   55  129   2.254e-15
   55  131   7.595e-18
   55  133   4.761e-15
   55  135   3.151e-11
   55  136   7.369e-16
   55  137   1.306e-06
   55  138   1.429e-07
   55  139   5.970e-06
   55  140   2.485e-06
   55  141   3.221e-07
   55  142   4.027e-13
   55  143   3.377e-13
   55  144   1.474e-13
   55  145   5.967e-14
   55  146   1.652e-14
   55  147   7.527e-15
   55  148   1.952e-15
   55  149   1.732e-15
   55  150   6.810e-16
   55  151   3.988e-16
   55  152   1.520e-16
   55  153   4.867e-17
   55  154   1.098e-17
   56  128   1.519e-11
   56  129   4.940e-13
   56  130   4.924e-12
   56  131   2.122e-13
   56  132   7.689e-15
   56  133   2.495e-16
   56  134   3.431e-16
   56  137   3.768e-14
   56  138   2.260e-09
   56  139   4.576e-07
   56  140   3.141e-06
   56  141   3.708e-06
   56  142   1.964e-06
   56  143   2.068e-08
   56  144   1.625e-08
   56  145   3.191e-12
   56  146   3.779e-13
   56  147   9.588e-14
   56  148   4.371e-14
   56  149   1.056e-14
   56  150   5.456e-15
   56  151   1.822e-15
   56  152   1.109e-15
   56  153   4.080e-16
   56  154   1.873e-16
   56  155   6.054e-17
   56  156   1.535e-17
   56  157   5.070e-18
   57  129   4.707e-12
   57  130   1.065e-14
   57  131   1.073e-11
   57  132   1.214e-14
   57  133   4.863e-14
   57  134   3.636e-15
   57  135   2.924e-16
   57  137   4.346e-17
   57  139   2.376e-09
   57  140   9.528e-11
   57  141   1.601e-07
   57  142   2.096e-07
   57  143   1.482e-06
   57  144   1.130e-06
   57  145   1.136e-07
   57  146   2.925e-10
   57  147   2.777e-12
   57  148   1.840e-13
   57  149   1.121e-13
   57  150   5.685e-14
   57  151   2.317e-14
   57  152   6.015e-15
   57  153   3.231e-15
   57  154   1.328e-15
   57  155   5.952e-16
   57  156   3.132e-16
   57  157   1.002e-16
   57  158   3.149e-17
   57  159   1.039e-17
   58  134   1.566e-11
   58  135   3.951e-13
   58  136   1.178e-12
   58  137   3.974e-14
   58  138   1.044e-14
   58  139   3.575e-16
   58  140   1.828e-14
   58  141   3.109e-10
   58  142   1.306e-09
   58  143   9.375e-08
   58  144   3.014e-06
   58  145   9.306e-07
   58  146   2.451e-06
   58  147   6.838e-07
   58  148   6.434e-07
   58  149   3.457e-11
   58  150   3.176e-12
   58  151   1.864e-13
   58  152   1.066e-13
   58  153   3.671e-14
   58  154   1.639e-14
   58  155   4.872e-15
   58  156   1.753e-15
   58  157   1.087e-15
   58  158   3.768e-16
   58  159   1.306e-16
   58  160   5.536e-17
   58  161   1.415e-17
   59  135   7.473e-12
   59  136   2.792e-14
   59  137   2.632e-12
   59  138   1.168e-15
   59  139   8.202e-14
   59  140   2.008e-14
   59  141   9.068e-15
   59  143   2.292e-11
   59  144   4.328e-12
   59  145   2.518e-07
   59  146   1.812e-07
   59  147   1.297e-06
   59  148   1.061e-06
   59  149   1.114e-06
   59  150   6.151e-10
   59  151   8.282e-08
   59  152   1.213e-12
   59  153   5.158e-12
   59  154   1.587e-13
   59  155   5.046e-14
   59  156   1.423e-14
   59  157   3.520e-15
   59  158   1.837e-15
   59  159   7.167e-16
   59  160   3.669e-16
   59  161   1.611e-16
   59  162   4.603e-17
   59  163   1.945e-17
   59  164   5.037e-18
   60  140   1.001e-10
   60  141   2.162e-13
   60  142   6.100e-13
   60  143   4.218e-16
   60  144   9.676e-14
   60  145   3.176e-10
   60  146   3.942e-09
   60  147   6.270e-08
   60  148   3.459e-07
   60  149   6.231e-07
   60  150   3.055e-06
   60  151   2.047e-06
   60  152   2.518e-06
   60  153   3.606e-07
   60  154   2.810e-07
   60  155   4.926e-09
   60  156   7.231e-11
   60  157   1.503e-13
   60  158   3.782e-14
   60  159   1.381e-14
   60  160   2.703e-15
   60  161   9.084e-16
   60  162   5.789e-16
   60  163   1.864e-16
   60  164   7.946e-17
   60  165   2.300e-17
   60  166   1.104e-17
   61  143   1.147e-11
   61  144   7.899e-17
   61  145   2.168e-15
   61  147   1.615e-12
   61  148   3.933e-18
   61  149   3.425e-09
   61  150   2.833e-14
   61  151   1.389e-07
   61  152   2.119e-07
   61  153   1.823e-06
   61  154   2.189e-06
   61  155   1.151e-06
   61  156   7.043e-08
   61  157   1.498e-08
   61  158   4.724e-11
   61  159   5.999e-14
   61  160   3.322e-14
   61  161   9.362e-15
   61  162   1.853e-15
   61  163   1.437e-15
   61  164   3.721e-16
   61  165   1.797e-16
   61  166   6.014e-17
   61  167   4.199e-17
   61  168   1.039e-17
   62  142   2.117e-09
   62  143   1.246e-10
   62  144   3.320e-11
   62  145   8.709e-16
   62  146   8.684e-15
   62  147   9.572e-17
   62  148   2.516e-15
   62  149   4.091e-13
   62  150   1.918e-16
   62  151   3.830e-11
   62  152   2.943e-08
   62  153   2.550e-07
   62  154   6.943e-07
   62  155   3.096e-06
   62  156   6.721e-06
   62  157   3.572e-06
   62  158   5.182e-06
   62  159   3.075e-08
   62  160   8.438e-09
   62  161   2.812e-11
   62  162   4.601e-14
   62  163   1.115e-14
   62  164   4.758e-15
   62  165   1.217e-15
   62  166   4.741e-16
   62  167   1.061e-16
   62  168   1.046e-16
   62  169   2.856e-17
   62  170   1.616e-17
   63  143   2.122e-10
   63  144   4.050e-15
   63  145   4.850e-12
   63  146   5.335e-16
   63  147   1.801e-16
   63  148   1.104e-17
   63  149   8.474e-15
   63  153   3.943e-11
   63  154   3.341e-16
   63  155   8.572e-08
   63  156   1.005e-08
   63  157   4.244e-07
   63  158   1.092e-06
   63  159   5.982e-06
   63  160   1.112e-06
   63  161   4.362e-07
   63  162   2.264e-08
   63  163   2.521e-09
   63  164   1.080e-11
   63  165   7.593e-15
   63  166   1.517e-15
   63  167   7.400e-16
   63  168   2.023e-16
   63  169   2.195e-16
   63  170   6.703e-17
   63  171   3.357e-17
   63  172   1.402e-17
   64  152   2.947e-13
   64  153   1.975e-17
   64  155   1.339e-14
   64  156   2.134e-13
   64  157   2.316e-10
   64  158   1.316e-08
   64  159   3.056e-07
   64  160   3.458e-06
   64  161   3.184e-06
   64  162   5.689e-06
   64  163   2.548e-06
   64  164   1.513e-06
   64  165   2.071e-08
   64  166   3.312e-11
   64  167   1.054e-10
   64  168   1.802e-15
   64  169   4.238e-16
   64  170   4.360e-16
   64  171   1.045e-16
   64  172   9.240e-17
   64  173   2.933e-17
   64  174   1.918e-17
   65  153   2.772e-14
   65  155   5.493e-15
   65  157   1.334e-16
   65  159   1.360e-10
   65  160   2.444e-15
   65  161   6.770e-07
   65  162   6.088e-07
   65  163   3.284e-06
   65  164   3.493e-06
   65  165   4.455e-06
   65  166   4.644e-07
   65  167   1.813e-07
   65  168   2.117e-09
   65  169   8.727e-12
   65  170   6.603e-16
   65  171   1.337e-13
   65  172   1.752e-16
   65  173   7.901e-17
   65  174   3.140e-17
   66  154   5.305e-09
   66  155   5.091e-12
   66  156   1.238e-11
   66  157   1.041e-13
   66  158   2.849e-14
   66  159   3.505e-16
   66  160   2.282e-15
   66  161   3.011e-11
   66  162   4.073e-08
   66  163   9.946e-08
   66  164   8.203e-07
   66  165   2.362e-06
   66  166   4.460e-06
   66  167   3.008e-06
   66  168   2.588e-06
   66  169   6.219e-07
   66  170   1.787e-06
   66  171   3.161e-10
   66  172   1.874e-09
   66  173   6.215e-16
   66  174   1.479e-16
   67  155   1.960e-10
   67  156   3.778e-14
   67  157   1.033e-12
   67  158   3.037e-16
   67  159   9.748e-15
   67  160   9.904e-14
   67  161   6.664e-16
   67  163   7.895e-17
   67  165   8.876e-09
   67  166   6.588e-10
   67  167   3.879e-07
   67  168   2.543e-07
   67  169   2.021e-06
   67  170   2.222e-06
   67  171   1.173e-06
   67  172   4.406e-07
   67  173   2.525e-07
   67  174   4.183e-11
   67  175   5.307e-12
   68  160   1.514e-10
   68  161   1.496e-13
   68  162   7.922e-12
   68  163   7.842e-15
   68  164   1.539e-14
   68  165   7.870e-18
   68  166   1.757e-13
   68  167   9.657e-10
   68  168   4.629e-08
   68  169   3.023e-07
   68  170   5.658e-07
   68  171   2.272e-06
   68  172   3.634e-06
   68  173   1.682e-06
   68  174   2.511e-06
   68  175   1.196e-06
   68  176   2.237e-07
   68  177   1.851e-08
   68  178   3.928e-11
   68  179   1.659e-13
   69  161   3.050e-12
   69  162   8.105e-16
   69  163   5.410e-13
   69  164   6.237e-17
   69  165   1.042e-14
   69  166   7.455e-14
   69  167   7.278e-15
   69  169   9.437e-12
   69  170   8.758e-17
   69  171   3.017e-09
   69  172   8.535e-10
   69  173   1.151e-06
   69  174   8.480e-07
   69  175   1.569e-06
   69  176   1.511e-06
   69  177   1.077e-06
   69  178   2.675e-08
   69  179   1.249e-09
   69  180   3.060e-13
   69  181   9.556e-16
   70  166   2.209e-10
   70  167   1.370e-13
   70  168   7.076e-12
   70  169   9.192e-16
   70  170   6.904e-13
   70  171   2.420e-15
   70  172   9.312e-14
   70  173   1.128e-09
   70  174   9.068e-08
   70  175   6.468e-08
   70  176   7.191e-07
   70  177   1.591e-06
   70  178   2.615e-06
   70  179   2.332e-06
   70  180   1.475e-06
   70  181   3.940e-07
   70  182   9.583e-09
   70  183   1.568e-11
   70  184   5.516e-13
   70  186   6.375e-16
   70  187   2.021e-17
   71  167   4.999e-12
   71  168   5.687e-15
   71  169   5.871e-13
   71  170   2.592e-17
   71  171   1.302e-11
   71  172   6.661e-16
   71  173   2.177e-16
   71  175   4.300e-12
   71  176   6.845e-18
   71  177   7.834e-09
   71  178   2.940e-08
   71  179   2.927e-07
   71  180   7.221e-07
   71  181   1.203e-06
   71  182   7.081e-07
   71  183   1.880e-07
   71  184   1.842e-08
   71  185   1.570e-09
   71  186   5.587e-12
   71  187   1.322e-13
   72  174   5.999e-10
   72  175   9.828e-14
   72  176   1.813e-17
   72  177   3.047e-13
   72  178   4.839e-10
   72  179   5.452e-10
   72  180   7.575e-08
   72  181   2.556e-07
   72  182   3.913e-07
   72  183   3.395e-07
   72  184   4.064e-07
   72  185   4.010e-07
   72  186   7.200e-07
   72  187   5.852e-11
   72  188   2.894e-07
   72  189   2.539e-09
   72  190   1.895e-09
   72  191   5.841e-16
   72  192   1.989e-14
   73  175   2.693e-11
   73  176   1.271e-15
   73  177   1.386e-15
   73  178   4.488e-14
   73  179   4.070e-14
   73  181   1.831e-12
   73  182   5.595e-18
   73  183   3.469e-09
   73  184   1.292e-09
   73  185   1.204e-07
   73  186   3.223e-07
   73  187   8.666e-07
   73  188   2.115e-07
   73  189   1.770e-08
   73  190   2.693e-09
   73  191   1.953e-08
   73  192   9.181e-14
   73  193   1.568e-11
   73  194   7.830e-18
   74  178   1.299e-09
   74  179   2.313e-12
   74  180   2.772e-15
   74  181   6.727e-17
   74  182   1.677e-16
   74  183   1.879e-13
   74  184   1.111e-12
   74  185   1.279e-09
   74  186   1.746e-08
   74  187   4.429e-07
   74  188   8.709e-07
   74  189   1.606e-06
   74  190   1.649e-06
   74  191   1.306e-06
   74  192   3.679e-06
   74  193   1.365e-07
   74  194   5.746e-07
   74  195   5.710e-10
   74  196   9.884e-11
   75  179   3.491e-11
   75  180   3.478e-15
   75  181   6.924e-14
   75  182   1.141e-13
   75  183   2.261e-16
   75  185   4.248e-15
   75  187   1.649e-10
   75  188   4.691e-12
   75  189   1.232e-07
   75  190   4.219e-08
   75  191   1.384e-06
   75  192   4.787e-07
   75  193   9.814e-06
   75  194   1.455e-06
   75  195   7.552e-09
   75  196   2.062e-10
   75  197   3.311e-07
   75  198   1.415e-13
   75  199   1.788e-09
   75  200   3.181e-12
   76  182   1.302e-10
   76  183   5.644e-14
   76  184   3.657e-13
   76  185   9.697e-16
   76  186   1.366e-12
   76  187   4.240e-17
   76  188   1.658e-15
   76  189   3.788e-11
   76  190   6.773e-09
   76  191   7.740e-08
   76  192   1.688e-06
   76  193   1.634e-06
   76  194   9.011e-06
   76  195   1.631e-05
   76  196   3.605e-05
   76  197   2.175e-05
   76  198   9.146e-06
   76  199   7.800e-09
   76  200   2.421e-09
   76  201   2.899e-08
   76  202   5.163e-15
   77  183   5.701e-13
   77  184   1.619e-16
   77  185   3.590e-14
   77  186   7.487e-18
   77  187   1.593e-14
   77  189   1.802e-16
   77  191   1.267e-12
   77  193   4.301e-10
   77  194   1.713e-12
   77  195   1.727e-06
   77  196   6.108e-07
   77  197   7.275e-06
   77  198   1.419e-06
   77  199   5.368e-08
   77  200   1.658e-07
   77  201   1.408e-06
   77  202   4.413e-09
   77  203   5.555e-13
   78  190   5.065e-10
   78  191   1.789e-13
   78  192   1.297e-16
   78  193   1.065e-17
   78  194   5.628e-16
   78  195   5.671e-09
   78  196   4.318e-07
   78  197   6.533e-07
   78  198   1.564e-05
   78  199   3.189e-05
   78  200   1.911e-05
   78  201   5.234e-06
   78  202   1.077e-06
   78  203   1.327e-09
   78  204   9.977e-10
   79  191   1.964e-11
   79  192   1.008e-15
   79  193   9.784e-15
   79  194   1.673e-17
   79  195   5.511e-16
   79  197   1.947e-10
   79  198   4.757e-16
   79  199   8.639e-07
   79  200   2.009e-08
   79  201   1.426e-06
   79  202   1.759e-10
   79  203   1.613e-07
   79  204   1.100e-07
   79  205   3.477e-08
   79  206   3.240e-17
   79  207   1.914e-12
   80  194   3.350e-09
   80  195   4.521e-13
   80  196   4.337e-16
   80  199   8.619e-11
   80  200   1.853e-10
   80  201   2.248e-08
   80  202   2.628e-10
   80  203   2.197e-07
   80  204   3.261e-07
   80  205   1.951e-07
   80  206   2.062e-07
   80  207   2.973e-07
   80  208   1.859e-07
   80  209   5.578e-08
   80  210   4.101e-15
   81  195   1.839e-11
   81  196   9.697e-15
   81  197   2.767e-16
   81  199   7.969e-14
   81  200   6.477e-17
   81  203   1.789e-12
   81  204   1.607e-17
   81  205   3.031e-08
   81  206   2.494e-08
   81  207   1.160e-07
   81  208   4.262e-09
   81  209   2.191e-07
   81  210   1.974e-07
   81  211   1.533e-09
   81  212   3.955e-16
   81  213   1.757e-07
   81  214   6.216e-16
   82  199   6.207e-12
   82  200   7.279e-14
   82  201   1.700e-17
   82  206   3.510e-09
   82  207   1.452e-08
   82  208   8.528e-10
   82  209   8.519e-08
   82  210   2.561e-07
   82  211   3.421e-07
   82  212   3.680e-07
   82  213   3.684e-07
   82  214   7.721e-07
   82  215   3.810e-07
   82  216   5.737e-07
   82  217   1.604e-08
   82  218   2.434e-09
   82  219   6.689e-09
   82  220   8.559e-15
   82  221   1.326e-09
   82  222   2.191e-17
   83  200   5.842e-15
   83  201   9.671e-17
   83  209   2.042e-10
   83  210   1.400e-14
   83  211   6.941e-09
   83  212   6.103e-10
   83  213   2.138e-08
   83  214   2.959e-08
   83  215   2.057e-07
   83  216   2.353e-08
   83  217   3.331e-07
   83  218   1.015e-07
   83  219   1.371e-07
   83  220   1.049e-08
   83  221   9.090e-10
   83  222   1.883e-14
   83  223   8.165e-14
   83  224   1.845e-17
   84  211   7.773e-14
   84  213   2.839e-17
   84  214   4.078e-15
   84  215   8.142e-13
   84  216   3.560e-11
   84  217   5.244e-09
   84  218   3.213e-07
   84  219   3.939e-07
   84  220   4.029e-07
   84  221   4.677e-07
   84  222   5.301e-07
   84  223   4.138e-09
   84  224   3.414e-10
   84  225   4.574e-13
   84  226   5.283e-17
   84  227   1.628e-16
   85  217   7.639e-14
   85  218   5.146e-13
   85  219   1.347e-08
   85  220   4.659e-08
   85  221   2.313e-07
   85  222   3.731e-08
   85  223   2.200e-07
   85  224   3.687e-07
   85  225   1.410e-07
   85  226   1.457e-09
   85  227   2.257e-10
   85  228   3.980e-12
   85  229   3.612e-15
   85  231   4.943e-17
   86  218   1.207e-17
   86  219   2.610e-11
   86  220   4.070e-09
   86  221   5.622e-08
   86  222   2.755e-08
   86  223   3.700e-07
   86  224   4.093e-07
   86  225   1.125e-06
   86  226   8.437e-07
   86  227   9.582e-08
   86  228   3.871e-07
   86  229   1.277e-08
   86  230   2.598e-10
   86  231   1.965e-14
   86  232   1.189e-12
   86  233   1.936e-17
   87  221   6.160e-10
   87  222   3.656e-15
   87  223   8.328e-09
   87  224   1.963e-09
   87  225   1.678e-07
   87  226   6.491e-08
   87  227   9.208e-07
   87  228   2.602e-07
   87  229   6.649e-07
   87  230   6.234e-08
   87  231   6.544e-08
   87  232   1.620e-10
   87  233   2.742e-09
   87  234   1.217e-13
   87  235   7.096e-15
   88  222   7.489e-17
   88  223   1.387e-10
   88  224   2.278e-10
   88  225   1.933e-08
   88  226   4.732e-08
   88  227   2.936e-07
   88  228   3.459e-07
   88  229   1.003e-06
   88  230   1.006e-06
   88  231   1.179e-06
   88  232   1.474e-06
   88  233   3.871e-07
   88  234   1.882e-07
   88  235   1.553e-08
   88  236   1.397e-10
   88  237   9.579e-13
   88  238   3.541e-16
   89  225   2.918e-13
   89  226   4.285e-18
   89  227   3.047e-09
   89  228   9.836e-14
   89  229   1.451e-07
   89  230   6.462e-09
   89  231   6.161e-07
   89  232   2.919e-07
   89  233   1.464e-06
   89  234   5.223e-07
   89  235   8.090e-07
   89  236   4.911e-08
   89  237   2.870e-08
   89  238   6.723e-10
   89  239   1.090e-10
   89  240   5.994e-15
   89  241   1.949e-12
   90  227   8.238e-17
   90  228   1.124e-16
   90  229   8.654e-10
   90  230   1.427e-09
   90  231   4.024e-08
   90  232   8.306e-08
   90  233   4.179e-07
   90  234   7.323e-07
   90  235   9.837e-07
   90  236   1.118e-06
   90  237   1.496e-06
   90  238   7.989e-07
   90  239   3.621e-07
   90  240   1.387e-07
   90  241   8.109e-09
   90  242   8.722e-08
   90  243   1.071e-10
   90  244   2.470e-13
   90  245   9.993e-14
   91  231   8.883e-12
   91  232   1.970e-16
   91  233   7.902e-09
   91  234   1.050e-11
   91  235   7.446e-08
   91  236   2.154e-08
   91  237   2.688e-07
   91  238   6.782e-08
   91  239   6.171e-07
   91  240   2.740e-07
   91  241   4.866e-07
   91  242   4.328e-08
   91  243   1.372e-07
   91  244   9.640e-10
   91  245   5.469e-12
   91  246   6.384e-13
   91  247   4.789e-18
   92  233   6.153e-14
   92  234   8.902e-15
   92  235   1.109e-09
   92  236   1.036e-09
   92  237   1.477e-08
   92  238   1.622e-08
   92  239   3.383e-09
   92  240   3.426e-07
   92  241   6.196e-07
   92  242   1.033e-06
   92  243   3.700e-07
   92  244   5.587e-07
   92  245   2.703e-07
   92  246   3.672e-09
   92  247   2.651e-10
   92  248   3.535e-12
   92  249   2.802e-12
   92  250   7.599e-16
   92  251   2.071e-13
   93  237   5.084e-13
   93  238   2.014e-17
   93  239   5.603e-11
   93  240   1.910e-10
   93  241   1.331e-08
   93  242   3.539e-08
   93  243   3.756e-07
   93  244   3.388e-07
   93  245   6.117e-07
   93  246   1.924e-08
   93  247   3.617e-08
   93  248   4.255e-11
   93  249   2.772e-12
   93  250   3.359e-13
   93  251   9.086e-14
   93  252   4.956e-18
   94  239   4.842e-15
   94  240   1.026e-12
   94  241   3.429e-10
   94  242   6.944e-09
   94  243   1.018e-07
   94  244   8.539e-08
   94  245   5.797e-07
   94  246   7.270e-07
   94  247   8.421e-07
   94  248   6.659e-07
   94  249   7.703e-07
   94  250   6.601e-08
   94  251   1.594e-08
   94  252   1.366e-08
   94  253   3.013e-09
   94  254   2.196e-13
   94  255   1.100e-15
   95  241   1.252e-17
   95  243   1.159e-10
   95  244   3.884e-15
   95  245   4.105e-10
   95  246   3.268e-11
   95  247   1.844e-10
   95  248   1.041e-07
   95  249   2.612e-07
