#   Z    A  M_ej/M_sun
    0    1   2.298e-15
    1    1   2.820e-02
    1    2   1.124e-13
    1    3   5.834e-15
    2    3   1.594e-14
    2    4   2.297e-01
    3    6   3.230e-15
    3    7   9.894e-15
    4    7   3.260e-14
    4    9   1.037e-17
    5    8   9.336e-18
    5   10   1.293e-14
    5   11   1.749e-13
    6   10   2.984e-17
    6   11   3.739e-12
    6   12   3.653e-01
    6   13   3.508e-09
    6   14   1.140e-09
    6   16   3.676e-08
    7   13   5.548e-09
    7   14   9.068e-07
    7   15   1.240e-07
    7   16   3.876e-09
    7   17   3.011e-10
    8   14   2.188e-09
    8   15   2.491e-07
    8   16   1.366e+00
    8   17   2.505e-08
    8   18   2.430e-08
    8   19   3.550e-11
    8   20   5.281e-13
    8   21   2.142e-14
    9   17   9.716e-09
    9   18   1.215e-09
    9   19   2.785e-09
    9   20   1.643e-12
    9   21   1.202e-12
    9   22   3.427e-16
   10   18   2.587e-12
   10   19   2.602e-11
   10   20   1.046e-01
   10   21   1.099e-06
   10   22   5.114e-08
   10   23   9.351e-11
   10   24   1.217e-07
   11   19   7.088e-17
   11   20   1.396e-14
   11   21   6.584e-08
   11   22   5.356e-07
   11   23   4.913e-05
   11   24   4.973e-08
   11   25   7.646e-09
   11   26   2.330e-16
   12   20   3.471e-15
   12   21   7.956e-14
   12   22   3.510e-11
   12   23   4.989e-07
   12   24   1.987e-02
   12   25   3.967e-06
   12   26   2.711e-06
   12   27   9.026e-08
   12   28   1.244e-08
   12   29   5.165e-17
   13   23   3.980e-18
   13   24   4.452e-13
   13   25   1.924e-10
   13   26   8.931e-06
   13   27   5.852e-05
   13   28   8.428e-10
   13   29   4.563e-09
   13   30   3.499e-15
   14   24   2.176e-17
   14   25   3.349e-12
   14   26   5.659e-11
   14   27   4.841e-10
   14   28   6.294e-02
   14   29   2.459e-05
   14   30   5.091e-06
   14   31   1.417e-08
   14   32   2.253e-08
   14   33   2.568e-12
   14   34   4.090e-16
   15   27   2.676e-13
   15   28   4.226e-13
   15   29   6.889e-11
   15   30   6.897e-06
   15   31   1.489e-05
   15   32   3.552e-10
   15   33   5.624e-08
   15   34   1.070e-09
   15   35   9.022e-09
   15   36   1.879e-12
   15   37   1.137e-17
   16   28   6.308e-16
   16   29   1.007e-11
   16   30   5.000e-11
   16   31   5.111e-11
   16   32   3.012e-02
   16   33   8.557e-06
   16   34   1.756e-06
   16   35   3.767e-08
   16   36   1.607e-07
   16   37   2.076e-07
   16   38   2.551e-07
   16   39   4.840e-09
   16   40   5.577e-10
   16   41   1.393e-16
   17   31   4.596e-17
   17   32   2.383e-12
   17   33   1.361e-11
   17   34   6.924e-12
   17   35   4.577e-06
   17   36   1.660e-10
   17   37   5.734e-08
   17   38   1.070e-08
   17   39   1.191e-06
   17   40   3.482e-07
   17   41   3.027e-06
   17   42   1.702e-09
   17   43   5.202e-14
   18   33   9.313e-12
   18   34   4.886e-11
   18   35   4.714e-11
   18   36   5.776e-03
   18   37   3.511e-06
   18   38   4.158e-07
   18   39   2.319e-08
   18   40   4.011e-07
   18   41   1.321e-05
   18   42   1.135e-05
   18   43   1.776e-06
   18   44   7.215e-06
   18   45   3.027e-07
   18   46   7.756e-09
   19   35   1.218e-18
   19   36   9.849e-13
   19   37   2.950e-11
   19   38   2.360e-06
   19   39   5.866e-06
   19   40   5.610e-11
   19   41   8.690e-08
   19   42   1.124e-09
   19   43   3.980e-07
   19   44   7.990e-07
   19   45   5.837e-06
   19   46   7.006e-06
   19   47   4.393e-07
   19   48   4.599e-09
   19   49   5.681e-08
   20   36   1.707e-18
   20   37   5.031e-11
   20   38   3.393e-11
   20   39   9.455e-11
   20   40   7.087e-03
   20   41   4.965e-06
   20   42   3.529e-06
   20   43   2.220e-08
   20   44   2.686e-08
   20   45   2.835e-07
   20   46   5.269e-06
   20   47   1.676e-05
   20   48   9.403e-04
   20   49   7.602e-05
   20   50   7.270e-06
   20   51   2.274e-07
   20   52   1.114e-10
   21   40   1.486e-15
   21   41   1.229e-08
   21   42   8.927e-09
   21   43   5.147e-06
   21   44   6.100e-10
   21   45   6.935e-08
   21   46   4.840e-10
   21   47   2.609e-09
   21   48   2.697e-09
   21   49   2.060e-05
   21   50   4.519e-04
   21   51   2.684e-06
   21   52   3.882e-08
   21   53   7.270e-15
   22   40   2.899e-14
   22   41   1.241e-15
   22   42   2.468e-09
   22   43   5.641e-09
   22   44   7.968e-05
   22   45   8.771e-06
   22   46   6.891e-06
   22   47   3.534e-07
   22   48   3.455e-08
   22   49   3.229e-07
   22   50   4.151e-04
   22   51   1.343e-04
   22   52   4.867e-05
   22   53   3.772e-06
   22   54   2.526e-15
   23   43   1.676e-16
   23   44   5.779e-10
   23   45   9.401e-09
   23   46   5.073e-09
   23   47   1.148e-05
   23   48   1.824e-07
   23   49   2.974e-07
   23   50   4.342e-09
   23   51   2.069e-05
   23   52   3.531e-05
   23   53   1.872e-05
   23   54   2.638e-05
   23   55   1.361e-09
   24   44   2.072e-16
   24   45   4.076e-10
   24   46   1.426e-09
   24   47   2.678e-09
   24   48   2.094e-04
   24   49   9.069e-06
   24   50   8.211e-06
   24   51   4.810e-07
   24   52   6.998e-06
   24   53   1.312e-05
   24   54   2.967e-04
   24   55   1.305e-05
   24   56   7.028e-05
   24   57   9.375e-07
   24   58   4.684e-09
   25   46   1.551e-15
   25   47   2.615e-17
   25   48   2.217e-10
   25   49   2.721e-09
   25   50   1.579e-09
   25   51   1.698e-05
   25   52   2.724e-06
   25   53   2.219e-06
   25   54   7.381e-08
   25   55   8.713e-06
   25   56   1.514e-05
   25   57   1.723e-05
   25   58   3.513e-09
   25   59   1.971e-11
   26   47   1.467e-16
   26   48   4.106e-17
   26   49   5.288e-10
   26   50   9.503e-10
   26   51   1.991e-09
   26   52   1.488e-03
   26   53   1.835e-05
   26   54   2.038e-05
   26   55   5.899e-07
   26   56   8.367e-05
   26   57   2.038e-05
   26   58   8.064e-04
   26   59   1.416e-05
   26   60   7.062e-04
   26   61   6.738e-06
   26   62   2.440e-05
   26   63   4.857e-10
   26   64   3.746e-16
   27   51   1.618e-17
   27   52   2.736e-13
   27   53   7.914e-10
   27   54   6.550e-10
   27   55   3.187e-05
   27   56   8.973e-05
   27   57   1.544e-05
   27   58   2.518e-07
   27   59   1.524e-05
   27   60   5.861e-07
   27   61   3.456e-05
   27   62   2.727e-05
   27   63   3.690e-06
   27   64   2.899e-16
   28   52   8.457e-18
   28   53   9.974e-14
   28   54   3.884e-10
   28   55   7.429e-10
   28   56   8.368e-01
   28   57   2.948e-02
   28   58   4.136e-02
   28   59   1.313e-03
   28   60   8.110e-03
   28   61   1.153e-04
   28   62   9.791e-03
   28   63   6.615e-05
   28   64   4.060e-03
   28   65   2.983e-05
   28   66   3.070e-03
   28   67   1.055e-06
   28   68   8.501e-05
   28   69   6.056e-08
   28   70   1.210e-08
   28   71   6.945e-15
   28   72   4.304e-18
   29   56   4.859e-16
   29   57   2.967e-06
   29   58   1.479e-05
   29   59   1.227e-03
   29   60   9.084e-03
   29   61   2.363e-04
   29   62   6.585e-06
   29   63   1.723e-04
   29   64   2.857e-06
   29   65   7.224e-05
   29   66   1.223e-06
   29   67   4.716e-05
   29   68   2.028e-04
   29   69   2.493e-05
   29   70   7.485e-05
   29   71   9.085e-07
   29   72   1.239e-08
   29   73   9.166e-11
   29   74   1.096e-17
   30   57   6.915e-18
   30   58   1.171e-07
   30   59   7.352e-07
   30   60   2.061e-02
   30   61   2.454e-04
   30   62   2.724e-03
   30   63   7.973e-05
   30   64   1.326e-03
   30   65   2.509e-05
   30   66   2.376e-03
   30   67   3.870e-06
   30   68   7.489e-04
   30   69   1.108e-05
   30   70   2.573e-04
   30   71   1.751e-05
   30   72   1.367e-04
   30   73   6.406e-06
   30   74   1.442e-04
   30   75   1.340e-07
   30   76   2.773e-08
   30   77   2.077e-15
   30   78   8.475e-18
   31   60   1.704e-14
   31   61   1.176e-09
   31   62   1.604e-07
   31   63   2.169e-05
   31   64   3.919e-04
   31   65   1.710e-05
   31   66   2.266e-07
   31   67   3.036e-06
   31   68   1.654e-07
   31   69   1.190e-05
   31   70   9.733e-08
   31   71   9.815e-06
   31   72   1.010e-07
   31   73   8.744e-05
   31   74   1.356e-04
   31   75   4.529e-05
   31   76   1.621e-04
   31   77   1.044e-06
   31   78   9.679e-09
   31   79   4.171e-12
   31   80   1.907e-16
   31   81   3.085e-18
   32   61   1.477e-16
   32   62   1.235e-11
   32   63   9.440e-09
   32   64   4.306e-04
   32   65   7.615e-06
   32   66   3.176e-05
   32   67   3.418e-06
   32   68   2.914e-05
   32   69   5.034e-07
   32   70   1.390e-04
   32   71   9.547e-07
   32   72   9.472e-05
   32   73   4.266e-07
   32   74   2.330e-05
   32   75   2.670e-05
   32   76   1.163e-03
   32   77   1.198e-04
   32   78   1.252e-03
   32   79   2.638e-05
   32   80   1.776e-04
   32   81   5.377e-07
   32   82   1.331e-08
   32   83   6.486e-16
   32   84   2.329e-16
   32   85   4.534e-17
   33   64   3.577e-17
   33   65   3.616e-13
   33   66   2.021e-08
   33   67   2.683e-06
   33   68   1.824e-05
   33   69   1.093e-06
   33   70   1.253e-08
   33   71   4.954e-08
   33   72   4.759e-09
   33   73   1.071e-06
   33   74   3.709e-08
   33   75   1.131e-06
   33   76   7.619e-08
   33   77   7.203e-06
   33   78   1.541e-05
   33   79   6.421e-04
   33   80   1.628e-04
   33   81   2.979e-04
   33   82   2.126e-04
   33   83   1.338e-05
   33   84   1.231e-10
   33   85   1.505e-09
   33   86   3.630e-16
   33   87   8.058e-17
   34   66   9.147e-16
   34   67   5.072e-10
   34   68   1.189e-05
   34   69   7.207e-07
   34   70   8.480e-07
   34   71   3.031e-07
   34   72   6.789e-07
   34   73   1.930e-08
   34   74   3.164e-06
   34   75   3.620e-07
   34   76   2.772e-05
   34   77   2.992e-07
   34   78   1.471e-05
   34   79   6.193e-05
   34   80   1.375e-03
   34   81   1.338e-03
   34   82   5.652e-03
   34   83   1.573e-03
   34   84   1.519e-03
   34   85   3.639e-05
   34   86   5.736e-06
   34   87   1.187e-09
   34   88   4.803e-15
   34   89   4.855e-16
   34   90   1.219e-16
   34   91   3.375e-17
   34   92   3.067e-18
   35   69   6.781e-16
   35   70   1.676e-09
   35   71   1.872e-07
   35   72   9.862e-07
   35   73   1.068e-07
   35   74   4.398e-09
   35   75   5.079e-09
   35   76   6.227e-10
   35   77   1.056e-07
   35   78   2.878e-09
   35   79   1.141e-06
   35   80   3.510e-08
   35   81   5.094e-05
   35   82   2.158e-07
   35   83   8.967e-05
   35   84   6.205e-04
   35   85   3.385e-04
   35   86   2.030e-04
   35   87   2.236e-05
   35   88   1.081e-05
   35   89   2.455e-09
   35   90   1.677e-14
   35   91   1.949e-15
   35   92   3.617e-16
   35   93   1.171e-16
   35   94   2.393e-17
   36   71   6.798e-12
   36   72   4.402e-07
   36   73   1.082e-07
   36   74   1.151e-07
   36   75   4.398e-08
   36   76   7.657e-08
   36   77   3.716e-09
   36   78   7.838e-08
   36   79   2.040e-08
   36   80   1.423e-06
   36   81   9.333e-08
   36   82   6.982e-06
   36   83   5.921e-07
   36   84   5.363e-05
   36   85   1.325e-04
   36   86   2.842e-03
   36   87   6.214e-05
   36   88   6.776e-04
   36   89   2.158e-04
   36   90   2.151e-05
   36   91   3.925e-08
   36   92   2.219e-14
   36   93   1.067e-14
   36   94   1.200e-15
   36   95   1.828e-16
   36   96   6.960e-17
   36   97   1.212e-17
   36   98   3.401e-18
   37   74   1.845e-10
   37   75   3.198e-08
   37   76   7.844e-08
   37   77   3.530e-08
   37   78   4.593e-09
   37   79   1.353e-09
   37   80   3.385e-11
   37   81   1.610e-09
   37   82   1.176e-10
   37   83   1.997e-07
   37   84   4.330e-08
   37   85   1.094e-06
   37   86   3.030e-07
   37   87   2.449e-04
   37   88   6.799e-06
   37   89   1.146e-04
   37   90   1.129e-04
   37   91   3.146e-05
   37   92   1.341e-09
   37   93   4.878e-09
   37   94   6.780e-14
   37   95   4.864e-15
   37   96   1.675e-15
   37   97   7.071e-16
   37   98   1.515e-16
   37   99   3.623e-17
   37  100   7.802e-18
   38   75   1.440e-12
   38   76   2.503e-08
   38   77   1.235e-08
   38   78   3.312e-08
   38   79   8.053e-09
   38   80   1.030e-08
   38   81   1.831e-09
   38   82   3.701e-09
   38   83   1.144e-09
   38   84   6.482e-08
   38   85   4.105e-08
   38   86   3.015e-06
   38   87   2.350e-06
   38   88   2.908e-03
   38   89   1.310e-05
   38   90   1.203e-04
   38   91   6.672e-05
   38   92   4.917e-04
   38   93   1.251e-04
   38   94   6.604e-05
   38   95   1.089e-06
   38   96   2.721e-14
   38   97   9.150e-15
   38   98   1.109e-14
   38   99   2.505e-15
   38  100   9.285e-16
   38  101   1.730e-16
   38  102   5.273e-17
   38  103   7.542e-18
   39   77   3.442e-16
   39   78   1.445e-11
   39   79   5.010e-09
   39   80   1.073e-08
   39   81   6.407e-09
   39   82   9.076e-10
   39   83   1.386e-09
   39   84   7.072e-11
   39   85   2.167e-10
   39   86   1.397e-10
   39   87   1.342e-08
   39   88   7.418e-08
   39   89   2.886e-04
   39   90   2.334e-07
   39   91   1.118e-06
   39   92   3.390e-06
   39   93   1.936e-05
   39   94   9.306e-05
   39   95   2.264e-05
   39   96   1.955e-10
   39   97   2.280e-12
   39   98   1.549e-14
   39   99   3.848e-14
   39  100   1.457e-14
   39  101   6.088e-15
   39  102   2.037e-15
   39  103   6.437e-16
   39  104   1.758e-16
   39  105   2.533e-17
   40   79   4.573e-14
   40   80   1.403e-09
   40   81   1.207e-09
   40   82   4.008e-09
   40   83   2.399e-09
   40   84   3.415e-09
   40   85   1.833e-09
   40   86   6.453e-10
   40   87   1.482e-10
   40   88   7.995e-09
   40   89   1.413e-07
   40   90   8.317e-04
   40   91   1.927e-06
   40   92   2.618e-07
   40   93   3.928e-08
   40   94   3.716e-06
   40   95   2.176e-06
   40   96   1.997e-05
   40   97   9.647e-06
   40   98   2.008e-06
   40   99   6.921e-14
   40  100   4.566e-09
   40  101   7.802e-14
   40  102   4.328e-13
   40  103   2.709e-14
   40  104   1.186e-14
   40  105   3.886e-15
   40  106   4.050e-16
   40  107   8.337e-17
   40  108   1.152e-17
   41   82   1.111e-12
   41   83   2.218e-10
   41   84   8.422e-10
   41   85   1.481e-09
   41   86   1.995e-09
   41   87   1.167e-09
   41   88   2.886e-10
   41   89   2.835e-10
   41   90   1.168e-10
   41   91   9.148e-07
   41   92   5.528e-09
   41   93   1.360e-08
   41   94   2.119e-09
   41   95   3.711e-08
   41   96   5.658e-09
   41   97   3.450e-08
   41   98   2.063e-07
   41   99   1.932e-08
   41  100   1.223e-09
   41  101   3.729e-09
   41  102   2.238e-10
   41  103   5.509e-14
   41  104   8.724e-10
   41  105   6.839e-13
   41  106   1.571e-14
   41  107   3.020e-15
   41  108   8.485e-16
   41  109   1.090e-16
   41  110   2.374e-17
   41  111   3.835e-18
   42   83   1.571e-16
   42   84   2.400e-11
   42   85   6.306e-11
   42   86   1.072e-09
   42   87   6.280e-10
   42   88   2.949e-09
   42   89   8.627e-10
   42   90   1.438e-09
   42   91   1.893e-10
   42   92   1.731e-07
   42   93   1.158e-08
   42   94   4.025e-08
   42   95   3.947e-10
   42   96   1.314e-08
   42   97   2.348e-09
   42   98   1.496e-05
   42   99   1.099e-06
   42  100   2.417e-05
   42  101   1.319e-05
   42  102   4.858e-05
   42  103   2.684e-05
   42  104   4.639e-05
   42  105   9.729e-06
   42  106   1.226e-08
   42  107   4.449e-12
   42  108   3.314e-14
   42  109   1.051e-14
   42  110   2.201e-15
   42  111   4.959e-16
   42  112   1.005e-16
   42  113   1.323e-17
   43   86   9.336e-15
   43   87   7.705e-12
   43   88   5.191e-11
   43   89   1.877e-10
   43   90   4.355e-11
   43   91   7.302e-10
   43   92   3.020e-10
   43   93   2.360e-10
   43   94   1.438e-10
   43   95   4.193e-11
   43   96   1.154e-11
   43   97   6.079e-11
   43   98   1.933e-11
   43   99   3.580e-09
   43  100   3.683e-12
   43  101   9.193e-07
   43  102   3.812e-07
   43  103   2.262e-05
   43  104   8.037e-05
   43  105   4.420e-05
   43  106   2.975e-06
   43  107   2.292e-06
   43  108   3.742e-10
   43  109   3.897e-14
   43  110   3.141e-14
   43  111   7.318e-15
   43  112   3.000e-15
   43  113   7.878e-16
   43  114   1.223e-16
   43  115   4.485e-17
   43  116   5.970e-18
   44   88   8.707e-14
   44   89   2.677e-13
   44   90   1.217e-10
   44   91   2.267e-11
   44   92   1.125e-09
   44   93   1.279e-10
   44   94   6.998e-09
   44   95   9.804e-10
   44   96   3.221e-10
   44   97   1.659e-11
   44   98   2.166e-11
   44   99   2.377e-12
   44  100   4.736e-10
   44  101   3.639e-08
   44  102   4.211e-06
   44  103   2.064e-05
   44  104   2.818e-06
   44  105   4.316e-06
   44  106   1.144e-05
   44  107   3.263e-05
   44  108   2.373e-05
   44  109   2.140e-06
   44  110   6.291e-08
   44  111   1.030e-13
   44  112   7.164e-14
   44  113   2.043e-14
   44  114   7.759e-15
   44  115   1.955e-15
   44  116   4.301e-16
   44  117   1.099e-16
   44  118   3.486e-17
   45   91   1.120e-13
   45   92   7.837e-13
   45   93   7.646e-12
   45   94   4.524e-11
   45   95   2.276e-09
   45   96   1.066e-09
   45   97   4.719e-10
   45   98   2.879e-10
   45   99   3.183e-11
   45  100   7.282e-13
   45  101   9.319e-13
   45  102   2.236e-13
   45  103   1.958e-10
   45  104   1.046e-12
   45  105   2.403e-08
   45  106   2.025e-11
   45  107   7.364e-06
   45  108   1.494e-06
   45  109   7.223e-06
   45  110   2.195e-08
   45  111   2.313e-08
   45  112   4.705e-11
   45  113   2.003e-13
   45  114   6.786e-14
   45  115   2.499e-14
   45  116   9.461e-15
   45  117   4.376e-15
   45  118   1.542e-15
   45  119   5.897e-16
   45  120   1.039e-16
   45  121   1.123e-16
   45  122   4.052e-17
   45  123   2.422e-17
   45  124   7.534e-18
   46   92   5.075e-17
   46   93   4.828e-16
   46   94   2.895e-12
   46   95   3.276e-13
   46   96   9.909e-10
   46   97   3.456e-10
   46   98   5.639e-09
   46   99   8.126e-10
   46  100   3.514e-09
   46  101   2.273e-10
   46  102   3.460e-11
   46  103   1.470e-12
   46  104   5.287e-12
   46  105   1.078e-11
   46  106   8.554e-10
   46  107   1.609e-07
   46  108   4.560e-06
   46  109   5.005e-06
   46  110   1.385e-05
   46  111   5.571e-06
   46  112   9.131e-06
   46  113   6.950e-06
   46  114   1.084e-05
   46  115   5.937e-07
   46  116   3.397e-08
   46  117   1.389e-11
   46  118   4.416e-14
   46  119   1.584e-14
   46  120   8.962e-15
   46  121   3.548e-15
   46  122   5.432e-15
   46  123   3.887e-15
   46  124   1.056e-15
   46  125   1.763e-15
   46  126   1.648e-15
   46  127   3.605e-17
   47   95   1.381e-15
   47   96   3.510e-14
   47   97   1.520e-12
   47   98   9.954e-12
   47   99   5.020e-10
   47  100   1.938e-10
   47  101   1.397e-09
   47  102   2.885e-10
   47  103   1.287e-10
   47  104   9.480e-11
   47  105   1.422e-11
   47  106   2.090e-14
   47  107   5.357e-13
   47  108   1.427e-13
   47  109   3.830e-09
   47  110   5.960e-12
   47  111   2.326e-07
   47  112   7.519e-09
   47  113   6.883e-06
   47  114   3.550e-07
   47  115   7.130e-06
   47  116   5.616e-06
   47  117   3.847e-06
   47  118   3.246e-12
   47  119   1.221e-07
   47  120   4.448e-14
   47  121   3.101e-14
   47  122   3.336e-14
   47  123   1.908e-14
   47  124   1.309e-14
   47  125   1.129e-14
   47  126   6.303e-15
   47  127   4.623e-15
   47  128   2.164e-15
   47  129   1.753e-15
   48   97   1.057e-17
   48   98   4.356e-14
   48   99   1.941e-13
   48  100   4.460e-11
   48  101   2.781e-11
   48  102   1.085e-09
   48  103   6.309e-10
   48  104   5.950e-09
   48  105   8.519e-10
   48  106   3.361e-09
   48  107   8.482e-11
   48  108   1.172e-11
   48  109   2.917e-13
   48  110   7.456e-10
   48  111   6.429e-10
   48  112   2.127e-07
   48  113   4.964e-08
   48  114   7.391e-06
   48  115   3.004e-07
   48  116   1.768e-06
   48  117   5.234e-06
   48  118   5.198e-06
   48  119   2.091e-06
   48  120   8.770e-07
   48  121   2.873e-08
   48  122   3.535e-11
   48  123   2.226e-13
   48  124   2.129e-13
   48  125   1.152e-13
   48  126   8.739e-14
   48  127   4.431e-14
   48  128   3.349e-14
   48  129   3.475e-14
   48  130   1.529e-14
   48  131   3.744e-15
   48  132   1.248e-14
   48  133   1.780e-15
   48  134   2.642e-16
   49   99   3.304e-17
   49  100   7.632e-17
   49  101   4.684e-14
   49  102   6.937e-13
   49  103   1.762e-11
   49  104   5.104e-11
   49  105   4.362e-10
   49  106   1.865e-10
   49  107   1.529e-09
   49  108   3.527e-10
   49  109   6.131e-11
   49  110   3.972e-11
   49  111   4.471e-11
   49  112   3.202e-13
   49  113   3.411e-12
   49  114   5.631e-12
   49  115   6.512e-09
   49  116   1.239e-10
   49  117   1.113e-05
   49  118   8.620e-09
   49  119   4.211e-06
   49  120   5.660e-08
   49  121   3.891e-07
   49  122   1.416e-11
   49  123   1.683e-10
   49  124   6.245e-13
   49  125   5.506e-13
   49  126   4.451e-13
   49  127   3.340e-13
   49  128   2.214e-13
   49  129   1.478e-13
   49  130   5.561e-14
   49  131   4.881e-14
   49  132   3.343e-14
   49  133   1.846e-13
   49  134   4.773e-14
   49  135   9.425e-15
   49  136   1.171e-15
   49  137   4.154e-16
   50  103   2.464e-15
   50  104   1.970e-12
   50  105   3.176e-12
   50  106   5.921e-11
   50  107   6.981e-11
   50  108   3.305e-09
   50  109   5.701e-10
   50  110   1.056e-08
   50  111   1.100e-09
   50  112   5.157e-08
   50  113   2.795e-09
   50  114   1.486e-07
   50  115   1.200e-09
   50  116   1.719e-08
   50  117   2.994e-07
   50  118   1.063e-06
   50  119   2.478e-06
   50  120   1.104e-04
   50  121   3.150e-06
   50  122   4.293e-06
   50  123   1.896e-06
   50  124   1.430e-06
   50  125   1.285e-06
   50  126   5.795e-06
   50  127   8.457e-06
   50  128   1.698e-05
   50  129   1.385e-05
   50  130   5.855e-05
   50  131   1.743e-05
   50  132   7.930e-06
   50  133   4.057e-13
   50  134   3.411e-13
   50  135   2.230e-13
   50  136   9.585e-14
   50  137   8.848e-14
   50  138   1.006e-14
   50  139   4.578e-15
   50  140   1.467e-15
   51  108   2.317e-17
   51  109   1.202e-13
   51  110   1.176e-12
   51  111   8.292e-11
   51  112   3.155e-11
   51  113   3.602e-09
   51  114   3.913e-10
   51  115   4.077e-08
   51  116   6.032e-11
   51  117   1.723e-10
   51  118   5.654e-13
   51  119   9.277e-10
   51  120   6.054e-11
   51  121   5.482e-08
   51  122   9.821e-09
   51  123   7.539e-07
   51  124   4.014e-08
   51  125   7.298e-06
   51  126   5.425e-08
   51  127   5.440e-07
   51  128   3.251e-07
   51  129   8.993e-06
   51  130   2.043e-05
   51  131   3.914e-05
   51  132   2.693e-05
   51  133   5.494e-06
   51  134   2.923e-13
   51  135   9.670e-13
   51  136   4.501e-13
   51  137   4.464e-13
   51  138   5.239e-13
   51  139   4.260e-13
   51  140   3.467e-14
   51  141   1.745e-14
   51  142   4.748e-15
   51  143   1.969e-15
   52  118   5.518e-09
   52  119   4.556e-11
   52  120   4.272e-09
   52  121   4.132e-11
   52  122   1.151e-10
   52  123   5.990e-11
   52  124   2.202e-08
   52  125   6.295e-09
   52  126   2.106e-07
   52  127   1.148e-08
   52  128   3.123e-07
   52  129   2.152e-08
   52  130   3.184e-07
   52  131   1.173e-06
   52  132   7.902e-06
   52  133   3.238e-06
   52  134   2.025e-06
   52  135   2.605e-08
   52  136   3.380e-08
   52  137   1.483e-12
   52  138   8.710e-13
   52  139   2.359e-13
   52  140   1.540e-13
   52  141   7.039e-14
   52  142   6.292e-14
   52  143   2.477e-14
   52  144   1.955e-14
   52  145   5.148e-15
   52  146   1.942e-15
   53  119   7.134e-10
   53  120   8.731e-12
   53  121   4.886e-09
   53  122   5.367e-11
   53  123   4.282e-10
   53  124   8.586e-14
   53  125   1.031e-11
   53  126   4.920e-13
   53  127   7.354e-10
   53  128   8.742e-11
   53  129   5.147e-08
   53  130   1.284e-09
   53  131   1.796e-07
   53  132   2.172e-09
   53  133   1.747e-07
   53  134   5.374e-08
   53  135   7.544e-07
   53  136   6.499e-07
   53  137   1.321e-07
   53  138   1.417e-10
   53  139   2.537e-12
   53  140   8.199e-13
   53  141   4.308e-13
   53  142   2.118e-13
   53  143   1.261e-13
   53  144   8.226e-14
   53  145   1.047e-13
   53  146   4.118e-14
   53  147   2.393e-14
   53  148   5.671e-15
   53  149   1.869e-15
   54  122   7.853e-08
   54  123   3.825e-10
   54  124   8.407e-08
   54  125   9.904e-10
   54  126   4.589e-08
   54  127   8.786e-11
   54  128   1.994e-09
   54  129   1.420e-10
   54  130   6.051e-09
   54  131   1.208e-09
   54  132   2.559e-08
   54  133   1.819e-09
   54  134   1.292e-07
   54  135   1.938e-09
   54  136   5.461e-07
   54  137   1.064e-06
   54  138   9.331e-07
   54  139   3.857e-07
   54  140   1.027e-08
   54  141   1.474e-12
   54  142   1.311e-12
   54  143   7.647e-13
   54  144   6.520e-13
   54  145   1.865e-13
   54  146   2.419e-13
   54  147   1.205e-13
   54  148   9.036e-14
   54  149   4.101e-14
   54  150   1.455e-14
   54  151   3.588e-15
   54  152   8.799e-16
   55  123   1.401e-09
   55  124   3.850e-12
   55  125   7.049e-09
   55  126   1.569e-10
   55  127   1.507e-08
   55  128   1.054e-10
   55  129   1.699e-09
   55  130   3.227e-13
   55  131   1.996e-10
   55  132   3.680e-11
   55  133   1.792e-08
   55  134   4.825e-09
   55  135   2.749e-07
   55  136   1.119e-08
   55  137   3.297e-07
   55  138   6.783e-08
   55  139   1.408e-06
   55  140   4.639e-07
   55  141   4.332e-08
   55  142   1.878e-12
   55  143   2.832e-12
   55  144   1.753e-12
   55  145   7.282e-13
   55  146   6.537e-13
   55  147   5.044e-13
   55  148   3.242e-13
   55  149   3.358e-13
   55  150   1.477e-13
   55  151   8.867e-14
   55  152   3.416e-14
   55  153   1.094e-14
   55  154   2.468e-15
   56  128   4.799e-08
   56  129   1.842e-10
   56  130   3.391e-08
   56  131   1.304e-10
   56  132   5.491e-09
   56  133   4.466e-11
   56  134   3.071e-10
   56  135   4.046e-11
   56  136   5.752e-08
   56  137   2.242e-09
   56  138   2.525e-07
   56  139   1.083e-07
   56  140   5.897e-07
   56  141   4.962e-07
   56  142   5.418e-07
   56  143   9.256e-09
   56  144   2.676e-09
   56  145   6.024e-12
   56  146   4.086e-12
   56  147   1.488e-12
   56  148   1.469e-12
   56  149   5.889e-13
   56  150   5.782e-13
   56  151   3.367e-13
   56  152   2.271e-13
   56  153   8.950e-14
   56  154   4.208e-14
   56  155   1.361e-14
   56  156   3.449e-15
   56  157   1.140e-15
   57  129   1.451e-09
   57  130   2.644e-11
   57  131   7.713e-09
   57  132   5.227e-11
   57  133   9.626e-09
   57  134   1.438e-11
   57  135   2.613e-09
   57  136   1.183e-12
   57  137   2.256e-09
   57  138   3.236e-09
   57  139   2.168e-07
   57  140   2.954e-11
   57  141   2.264e-08
   57  142   5.777e-08
   57  143   6.313e-07
   57  144   1.843e-07
   57  145   4.842e-08
   57  146   7.239e-11
   57  147   7.622e-12
   57  148   3.097e-12
   57  149   1.893e-12
   57  150   1.849e-12
   57  151   1.216e-12
   57  152   6.128e-13
   57  153   5.756e-13
   57  154   2.696e-13
   57  155   1.278e-13
   57  156   6.957e-14
   57  157   2.251e-14
   57  158   7.076e-15
   57  159   2.335e-15
   58  134   6.102e-08
   58  135   4.203e-10
   58  136   9.654e-08
   58  137   5.943e-10
   58  138   1.128e-08
   58  139   2.984e-10
   58  140   4.078e-07
   58  141   5.514e-11
   58  142   3.821e-10
   58  143   3.990e-08
   58  144   4.930e-07
   58  145   3.937e-07
   58  146   4.854e-07
   58  147   1.235e-07
   58  148   2.036e-07
   58  149   1.884e-11
   58  150   9.905e-12
   58  151   3.564e-12
   58  152   2.783e-12
   58  153   1.594e-12
   58  154   1.175e-12
   58  155   7.629e-13
   58  156   3.067e-13
   58  157   2.173e-13
   58  158   8.123e-14
   58  159   2.935e-14
   58  160   1.244e-14
   58  161   3.180e-15
   59  135   2.466e-09
   59  136   1.114e-10
   59  137   4.604e-08
   59  138   1.015e-10
   59  139   2.050e-08
   59  140   7.982e-11
   59  141   9.495e-08
   59  142   1.486e-10
   59  143   9.681e-11
   59  144   1.292e-11
   59  145   1.070e-07
   59  146   3.581e-08
   59  147   2.330e-07
   59  148   3.346e-07
   59  149   2.754e-07
   59  150   1.425e-10
   59  151   2.785e-08
   59  152   7.752e-12
   59  153   9.454e-12
   59  154   4.085e-12
   59  155   2.000e-12
   59  156   8.416e-13
   59  157   4.439e-13
   59  158   2.951e-13
   59  159   1.320e-13
   59  160   7.609e-14
   59  161   3.531e-14
   59  162   1.034e-14
   59  163   4.370e-15
   59  164   1.131e-15
   60  140   2.910e-07
   60  141   1.370e-08
   60  142   1.248e-07
   60  143   2.243e-11
   60  144   2.396e-10
   60  145   1.596e-10
   60  146   1.666e-09
   60  147   1.126e-08
   60  148   1.090e-07
   60  149   1.538e-07
   60  150   5.868e-07
   60  151   6.739e-07
   60  152   7.016e-07
   60  153   1.380e-07
   60  154   9.839e-08
   60  155   1.626e-09
   60  156   2.359e-11
   60  157   3.538e-12
   60  158   1.429e-12
   60  159   8.885e-13
   60  160   3.089e-13
   60  161   1.409e-13
   60  162   1.130e-13
   60  163   3.997e-14
   60  164   1.786e-14
   60  165   5.168e-15
   60  166   2.482e-15
   61  143   7.643e-08
   61  144   2.118e-11
   61  145   4.232e-11
   61  146   8.088e-14
   61  147   3.005e-12
   61  148   3.137e-14
   61  149   8.500e-10
   61  150   9.150e-13
   61  151   4.565e-08
   61  152   5.901e-08
   61  153   6.961e-07
   61  154   7.609e-07
   61  155   3.739e-07
   61  156   1.570e-08
   61  157   5.424e-09
   61  158   2.005e-11
   61  159   1.383e-12
   61  160   1.170e-12
   61  161   5.027e-13
   61  162   2.340e-13
   61  163   2.215e-13
   61  164   7.174e-14
   61  165   3.856e-14
   61  166   1.352e-14
   61  167   9.437e-15
   61  168   2.335e-15
   62  142   1.178e-08
   62  143   4.032e-09
   62  144   2.108e-07
   62  145   3.139e-11
   62  146   4.160e-10
   62  147   1.583e-11
   62  148   1.194e-10
   62  149   4.189e-13
   62  150   5.481e-12
   62  151   1.294e-11
   62  152   8.206e-09
   62  153   9.741e-08
   62  154   2.415e-07
   62  155   1.007e-06
   62  156   1.483e-06
   62  157   1.288e-06
   62  158   1.542e-06
   62  159   5.890e-09
   62  160   2.518e-09
   62  161   1.270e-11
   62  162   1.396e-12
   62  163   4.896e-13
   62  164   5.754e-13
   62  165   1.969e-13
   62  166   8.937e-14
   62  167   2.291e-14
   62  168   2.352e-14
   62  169   6.420e-15
   62  170   3.631e-15
   63  143   9.303e-11
   63  144   2.068e-13
   63  145   3.433e-09
   63  146   1.836e-12
   63  147   6.065e-12
   63  148   2.640e-13
   63  149   4.057e-11
   63  150   4.750e-13
   63  151   1.097e-11
   63  152   8.155e-14
   63  153   1.760e-11
   63  154   1.409e-14
   63  155   2.794e-08
   63  156   2.216e-09
   63  157   1.541e-07
   63  158   3.245e-07
   63  159   1.129e-06
   63  160   3.250e-07
   63  161   1.452e-07
   63  162   5.722e-09
   63  163   6.913e-10
   63  164   4.710e-12
   63  165   7.396e-13
   63  166   2.118e-13
   63  167   1.302e-13
   63  168   4.226e-14
   63  169   4.942e-14
   63  170   1.507e-14
   63  171   7.546e-15
   63  172   3.151e-15
   64  152   5.171e-09
   64  153   1.647e-10
   64  154   1.010e-08
   64  155   1.060e-09
   64  156   1.020e-07
   64  157   2.826e-10
   64  158   4.121e-09
   64  159   5.763e-08
   64  160   1.008e-06
   64  161   1.056e-06
   64  162   1.433e-06
   64  163   6.826e-07
   64  164   4.037e-07
   64  165   4.157e-09
   64  166   9.438e-12
   64  167   3.477e-11
   64  168   3.041e-13
   64  169   9.507e-14
   64  170   9.833e-14
   64  171   2.352e-14
   64  172   2.079e-14
   64  173   6.596e-15
   64  174   4.312e-15
   65  153   2.487e-11
   65  154   2.169e-13
   65  155   2.415e-09
   65  156   2.552e-10
   65  157   5.162e-08
   65  158   8.587e-10
   65  159   2.729e-08
   65  160   4.577e-10
   65  161   2.248e-07
   65  162   1.535e-07
   65  163   8.792e-07
   65  164   9.300e-07
   65  165   8.919e-07
   65  166   1.095e-07
   65  167   5.489e-08
   65  168   8.110e-10
   65  169   2.977e-12
   65  170   1.495e-13
   65  171   2.728e-13
   65  172   3.952e-14
   65  173   1.781e-14
   65  174   7.068e-15
   66  154   8.125e-08
   66  155   1.749e-11
   66  156   2.528e-09
   66  157   5.034e-12
   66  158   3.180e-10
   66  159   1.767e-10
   66  160   5.256e-08
   66  161   2.327e-09
   66  162   1.900e-08
   66  163   2.672e-08
   66  164   2.187e-07
   66  165   4.737e-07
   66  166   1.046e-06
   66  167   9.024e-07
   66  168   9.800e-07
   66  169   1.735e-07
   66  170   5.229e-07
   66  171   1.046e-10
   66  172   4.126e-10
   66  173   6.795e-14
   66  174   3.348e-14
   67  155   4.071e-10
   67  156   1.614e-13
   67  157   3.161e-11
   67  158   6.040e-14
   67  159   5.368e-12
   67  160   1.371e-11
   67  161   1.531e-09
   67  162   2.789e-11
   67  163   1.193e-09
   67  164   6.723e-10
   67  165   3.114e-08
   67  166   3.479e-10
   67  167   1.166e-07
   67  168   9.639e-08
   67  169   5.645e-07
   67  170   6.496e-07
   67  171   3.811e-07
   67  172   9.724e-08
   67  173   7.591e-08
   67  174   1.481e-11
   67  175   1.633e-12
   68  160   2.526e-08
   68  161   1.025e-11
   68  162   3.743e-10
   68  163   5.921e-12
   68  164   4.040e-09
   68  165   5.110e-10
   68  166   3.298e-08
   68  167   4.978e-10
   68  168   1.819e-08
   68  169   8.467e-08
   68  170   1.655e-07
   68  171   7.391e-07
   68  172   8.060e-07
   68  173   5.040e-07
   68  174   8.483e-07
   68  175   3.635e-07
   68  176   5.363e-08
   68  177   5.220e-09
   68  178   9.146e-12
   68  179   2.760e-14
   69  161   5.450e-11
   69  162   3.511e-14
   69  163   5.700e-12
   69  164   3.042e-14
   69  165   1.971e-10
   69  166   4.641e-11
   69  167   1.375e-08
   69  168   1.953e-09
   69  169   6.608e-09
   69  170   1.989e-10
   69  171   1.238e-09
   69  172   2.082e-10
   69  173   3.450e-07
   69  174   2.869e-07
   69  175   4.795e-07
   69  176   3.621e-07
   69  177   3.041e-07
   69  178   6.273e-09
   69  179   2.088e-10
   69  180   5.857e-14
   69  181   1.415e-16
   70  166   7.373e-09
   70  167   1.826e-11
   70  168   2.690e-08
   70  169   2.632e-09
   70  170   2.166e-08
   70  171   5.460e-10
   70  172   4.844e-10
   70  173   3.409e-10
   70  174   3.088e-08
   70  175   1.986e-08
   70  176   1.726e-07
   70  177   4.509e-07
   70  178   6.211e-07
   70  179   3.932e-07
   70  180   2.844e-07
   70  181   6.347e-08
   70  182   1.900e-09
   70  183   6.560e-12
   70  184   3.203e-13
   70  186   2.391e-16
   71  167   2.872e-11
   71  168   4.247e-14
   71  169   7.532e-11
   71  170   2.273e-12
   71  171   1.501e-08
   71  172   8.630e-10
   71  173   2.484e-08
   71  174   2.398e-10
   71  175   9.532e-10
   71  176   1.536e-11
   71  177   2.342e-09
   71  178   7.022e-09
   71  179   4.960e-08
   71  180   1.398e-07
   71  181   1.952e-07
   71  182   1.421e-07
   71  183   7.563e-08
   71  184   1.060e-08
   71  185   6.824e-10
   71  186   2.133e-12
   71  187   4.149e-14
   72  174   1.364e-08
   72  175   1.416e-09
   72  176   1.451e-08
   72  177   7.186e-10
   72  178   3.316e-09
   72  179   9.564e-11
   72  180   1.486e-08
   72  181   4.169e-08
   72  182   7.919e-08
   72  183   1.366e-07
   72  184   2.352e-07
   72  185   1.783e-07
   72  186   2.802e-07
   72  187   1.936e-11
   72  188   1.379e-07
   72  189   1.089e-09
   72  190   9.078e-10
   72  191   4.033e-16
   72  192   6.558e-15
   73  175   9.275e-10
   73  176   5.118e-11
   73  177   5.783e-09
   73  178   1.237e-10
   73  179   3.672e-09
   73  180   7.252e-10
   73  181   2.258e-09
   73  182   1.683e-11
   73  183   1.433e-09
   73  184   7.514e-10
   73  185   5.383e-08
   73  186   1.256e-07
   73  187   2.992e-07
   73  188   1.008e-07
   73  189   7.612e-09
   73  190   1.290e-09
   73  191   8.971e-09
   73  192   5.001e-14
   73  193   3.718e-12
   73  194   1.154e-17
   74  178   1.648e-09
   74  179   5.397e-10
   74  180   7.626e-09
   74  181   6.171e-10
   74  182   1.497e-09
   74  183   7.174e-12
   74  184   2.169e-11
   74  185   5.766e-10
   74  186   6.837e-09
   74  187   1.535e-07
   74  188   4.154e-07
   74  189   6.985e-07
   74  190   8.141e-07
   74  191   6.075e-07
   74  192   1.250e-06
   74  193   3.358e-08
   74  194   1.828e-07
   74  195   1.588e-10
   74  196   1.666e-11
   75  179   1.273e-11
   75  180   2.369e-13
   75  181   1.198e-10
   75  182   1.825e-11
   75  183   1.530e-09
   75  184   4.436e-11
   75  185   3.859e-11
   75  186   5.566e-13
   75  187   5.943e-11
   75  188   4.213e-12
   75  189   5.377e-08
   75  190   2.093e-08
   75  191   6.472e-07
   75  192   1.627e-07
   75  193   2.452e-06
   75  194   4.627e-07
   75  195   2.101e-09
   75  196   3.481e-11
   75  197   4.896e-08
   75  198   7.111e-14
   75  199   2.939e-10
   75  200   7.670e-13
   76  182   2.881e-11
   76  183   3.433e-13
   76  184   2.299e-11
   76  185   6.628e-12
   76  186   1.998e-10
   76  187   2.572e-12
   76  188   4.883e-12
   76  189   1.663e-11
   76  190   3.377e-09
   76  191   3.635e-08
   76  192   5.760e-07
   76  193   4.100e-07
   76  194   2.871e-06
   76  195   4.323e-06
   76  196   5.671e-06
   76  197   3.186e-06
   76  198   1.298e-06
   76  199   1.277e-09
   76  200   5.425e-10
   76  201   8.114e-09
   76  202   1.057e-14
   77  183   3.939e-14
   77  184   3.453e-16
   77  185   1.129e-12
   77  186   1.370e-13
   77  187   2.764e-12
   77  188   7.752e-14
   77  189   3.058e-12
   77  190   1.864e-14
   77  191   4.421e-12
   77  192   1.416e-15
   77  193   1.084e-10
   77  194   5.496e-13
   77  195   4.574e-07
   77  196   9.603e-08
   77  197   1.064e-06
   77  198   2.013e-07
   77  199   8.692e-09
   77  200   3.591e-08
   77  201   3.886e-07
   77  202   1.277e-09
   77  203   1.569e-13
   78  190   9.673e-12
   78  191   1.787e-14
   78  192   2.783e-12
   78  193   1.569e-13
   78  194   3.988e-13
   78  195   1.504e-09
   78  196   6.782e-08
   78  197   9.561e-08
   78  198   2.214e-06
   78  199   4.941e-06
   78  200   4.038e-06
   78  201   1.441e-06
   78  202   3.088e-07
   78  203   3.298e-10
   78  204   1.639e-10
   79  191   6.660e-13
   79  192   3.014e-16
   79  193   1.014e-13
   79  194   2.892e-15
   79  195   2.415e-13
   79  196   3.031e-15
   79  197   2.930e-11
   79  198   7.041e-16
   79  199   1.335e-07
   79  200   4.247e-09
   79  201   3.924e-07
   79  202   5.982e-11
   79  203   3.913e-08
   79  204   1.807e-08
   79  205   7.379e-09
   79  206   2.241e-17
   79  207   1.563e-13
   80  194   8.268e-12
   80  195   2.066e-15
   80  196   4.257e-15
   80  197   4.993e-15
   80  198   1.559e-13
   80  199   1.343e-11
   80  200   3.923e-11
   80  201   6.199e-09
   80  202   8.301e-11
   80  203   5.290e-08
   80  204   5.336e-08
   80  205   4.133e-08
   80  206   3.094e-08
   80  207   2.492e-08
   80  208   2.994e-08
   80  209   4.089e-09
   80  210   1.032e-15
   81  195   1.073e-13
   81  196   1.442e-17
   81  197   2.131e-16
   81  198   1.725e-16
   81  199   3.390e-14
   81  200   1.163e-14
   81  201   1.857e-13
   81  202   2.934e-14
   81  203   4.944e-13
   81  204   4.804e-15
   81  205   6.410e-09
   81  206   3.770e-09
   81  207   1.628e-08
   81  208   7.124e-10
   81  209   2.084e-08
   81  210   3.403e-08
   81  211   2.229e-10
   81  212   5.473e-17
   81  213   2.370e-08
   81  214   4.606e-16
   82  199   1.068e-12
   82  200   9.187e-16
   82  201   4.257e-16
   82  202   2.604e-14
   82  203   1.205e-14
   82  204   1.260e-13
   82  205   4.363e-15
   82  206   5.347e-10
   82  207   2.935e-09
   82  208   8.985e-09
   82  209   9.464e-09
   82  210   4.442e-08
   82  211   5.009e-08
   82  212   4.160e-08
   82  213   4.397e-08
   82  214   9.229e-08
   82  215   4.597e-08
   82  216   7.628e-08
   82  217   1.719e-09
   82  218   3.744e-10
   82  219   9.016e-10
   82  220   1.651e-15
   82  221   2.409e-10
   82  222   2.781e-17
   83  200   1.894e-15
   83  205   9.397e-17
   83  206   4.850e-17
   83  207   2.614e-16
   83  208   5.967e-16
   83  209   2.340e-09
   83  210   1.141e-10
   83  211   1.024e-09
   83  212   6.870e-11
   83  213   2.621e-09
   83  214   3.485e-09
   83  215   2.491e-08
   83  216   3.146e-09
   83  217   3.588e-08
   83  218   1.545e-08
   83  219   1.880e-08
   83  220   1.665e-09
   83  221   1.651e-10
   83  222   3.666e-15
   83  223   1.870e-14
   84  210   1.776e-14
   84  211   1.147e-14
   84  214   4.803e-16
   84  215   9.885e-14
   84  216   5.015e-12
   84  217   5.658e-10
   84  218   4.875e-08
   84  219   5.463e-08
   84  220   6.362e-08
   84  221   8.772e-08
   84  222   9.577e-08
   84  223   9.218e-10
   84  224   3.900e-11
   84  225   4.814e-14
   84  227   2.127e-17
   85  217   1.398e-14
   85  218   7.807e-14
   85  219   1.879e-09
   85  220   7.354e-09
   85  221   4.370e-08
   85  222   6.734e-09
   85  223   4.842e-08
   85  224   4.220e-08
   85  225   1.461e-08
   85  226   1.794e-10
   85  227   2.970e-11
   85  228   6.447e-13
   85  229   5.227e-16
   86  218   9.553e-18
   86  219   3.646e-12
   86  220   6.438e-10
   86  221   1.071e-08
   86  222   4.974e-09
   86  223   8.125e-08
   86  224   4.703e-08
   86  225   1.162e-07
   86  226   1.044e-07
   86  227   1.249e-08
   86  228   6.182e-08
   86  229   1.828e-09
   86  230   3.896e-11
   86  231   2.801e-15
   86  232   1.616e-13
   87  221   1.183e-10
   87  222   2.258e-13
   87  223   1.881e-09
   87  224   2.310e-10
   87  225   1.842e-08
   87  226   8.045e-09
   87  227   1.199e-07
   87  228   4.150e-08
   87  229   9.464e-08
   87  230   9.125e-09
   87  231   8.983e-09
   87  232   2.165e-11
   87  233   3.886e-10
   87  234   2.040e-14
   87  235   7.407e-16
   88  222   8.550e-15
   88  223   3.323e-11
   88  224   2.846e-11
   88  225   2.357e-09
   88  226   5.897e-09
   88  227   3.829e-08
   88  228   5.552e-08
   88  229   1.426e-07
   88  230   1.471e-07
   88  231   1.608e-07
   88  232   1.907e-07
   88  233   5.354e-08
   88  234   2.775e-08
   88  235   1.575e-09
   88  236   1.432e-11
   88  237   1.204e-13
   88  238   9.755e-17
   89  225   4.031e-14
   89  227   3.982e-10
   89  228   3.609e-14
   89  229   2.065e-08
   89  230   9.498e-10
   89  231   8.407e-08
   89  232   3.777e-08
   89  233   2.018e-07
   89  234   7.644e-08
   89  235   8.146e-08
   89  236   4.953e-09
   89  237   3.556e-09
   89  238   1.600e-10
   89  239   2.793e-11
   89  240   1.643e-15
   89  241   3.688e-13
   90  227   1.081e-17
   90  228   4.783e-17
   90  229   1.234e-10
   90  230   2.119e-10
   90  231   5.511e-09
   90  232   1.078e-08
   90  233   5.764e-08
   90  234   1.066e-07
   90  235   9.892e-08
   90  236   1.118e-07
   90  237   1.831e-07
   90  238   1.821e-07
   90  239   8.631e-08
   90  240   3.227e-08
   90  241   1.428e-09
   90  242   1.711e-08
   90  243   2.401e-11
   90  244   5.966e-14
   90  245   1.632e-14
   91  231   1.224e-12
   91  232   9.742e-17
   91  233   1.094e-09
   91  234   1.592e-12
   91  235   7.491e-09
   91  236   2.150e-09
   91  237   3.282e-08
   91  238   1.542e-08
   91  239   1.456e-07
   91  240   6.326e-08
   91  241   8.324e-08
   91  242   8.487e-09
   91  243   2.944e-08
   91  244   2.134e-10
   91  245   9.159e-13
   91  246   1.485e-13
   92  233   8.566e-15
   92  234   1.354e-15
   92  235   1.118e-10
   92  236   1.035e-10
   92  237   1.802e-09
   92  238   3.682e-09
   92  239   7.945e-10
   92  240   7.863e-08
   92  241   1.050e-07
   92  242   1.985e-07
   92  243   7.883e-08
   92  244   1.172e-07
   92  245   4.388e-08
   92  246   8.209e-10
   92  247   5.590e-11
   92  248   6.772e-13
   92  249   6.913e-13
   92  250   1.860e-16
   92  251   3.870e-14
   93  237   6.210e-14
   93  238   9.988e-18
   93  239   1.312e-11
   93  240   4.373e-11
   93  241   2.246e-09
   93  242   6.757e-09
   93  243   7.964e-08
   93  244   7.062e-08
   93  245   9.878e-08
   93  246   4.264e-09
   93  247   7.334e-09
   93  248   8.320e-12
   93  249   6.837e-13
   93  250   7.721e-14
   93  251   1.698e-14
   94  239   1.134e-15
   94  240   2.350e-13
   94  241   5.772e-11
   94  242   1.321e-09
   94  243   2.155e-08
   94  244   1.773e-08
   94  245   9.326e-08
   94  246   1.573e-07
   94  247   1.665e-07
   94  248   1.236e-07
   94  249   1.707e-07
   94  250   1.393e-08
   94  251   3.022e-09
   94  252   1.938e-09
   94  253   4.925e-10
   94  254   5.952e-14
   94  255   1.840e-16
   95  243   2.459e-11
   95  244   3.634e-15
   95  245   6.599e-11
   95  246   7.050e-12
   95  247   3.629e-11
   95  248   1.928e-08
   95  249   5.762e-08
