#   Z    A  M_ej/M_sun
    0    1   2.101e-17
    1    1   5.419e-02
    1    2   2.156e-13
    1    3   4.494e-16
    2    3   2.149e-13
    2    4   5.911e-01
    3    6   1.792e-15
    3    7   1.407e-13
    3    8   1.808e-18
    4    7   4.675e-13
    4    9   4.100e-15
    4   10   6.999e-15
    5    8   2.987e-17
    5   10   1.541e-16
    5   11   2.610e-13
    6   10   3.621e-17
    6   11   1.585e-12
    6   12   4.494e-01
    6   13   9.413e-10
    6   14   7.829e-12
    6   16   5.192e-13
    7   13   1.041e-08
    7   14   2.160e-08
    7   15   1.182e-07
    7   16   5.541e-14
    7   17   3.549e-13
    8   14   6.663e-09
    8   15   2.639e-07
    8   16   2.611e+00
    8   17   9.742e-08
    8   18   7.086e-12
    8   19   1.066e-15
    8   20   7.623e-15
    9   17   8.242e-08
    9   18   1.001e-09
    9   19   6.840e-11
    9   20   1.898e-14
    9   21   7.318e-17
    9   22   5.154e-18
   10   18   2.238e-16
   10   19   5.762e-12
   10   20   2.946e-01
   10   21   2.740e-07
   10   22   9.888e-12
   10   23   9.315e-14
   10   24   1.145e-13
   11   21   2.239e-08
   11   22   3.290e-07
   11   23   2.053e-06
   11   24   4.471e-14
   11   25   1.297e-14
   12   22   3.688e-12
   12   23   1.839e-08
   12   24   5.681e-02
   12   25   5.104e-07
   12   26   9.069e-09
   12   27   4.114e-14
   12   28   4.799e-14
   13   24   1.514e-15
   13   25   5.846e-10
   13   26   1.000e-06
   13   27   1.529e-05
   13   28   5.424e-12
   13   29   1.071e-13
   14   26   1.826e-14
   14   27   6.768e-11
   14   28   4.805e-02
   14   29   2.329e-05
   14   30   1.087e-05
   14   31   1.158e-12
   14   32   1.580e-12
   14   33   3.072e-17
   15   27   9.194e-18
   15   28   2.004e-16
   15   29   1.226e-10
   15   30   2.311e-05
   15   31   2.460e-05
   15   32   5.076e-12
   15   33   4.834e-12
   15   34   2.267e-14
   15   35   3.011e-13
   15   36   4.247e-17
   16   30   7.898e-16
   16   31   3.999e-12
   16   32   1.936e-02
   16   33   8.260e-06
   16   34   1.181e-05
   16   35   1.759e-12
   16   36   2.803e-12
   16   37   6.348e-13
   16   38   3.670e-13
   16   39   3.173e-15
   16   40   1.899e-15
   17   33   6.375e-13
   17   34   8.314e-13
   17   35   2.633e-05
   17   36   1.916e-11
   17   37   5.100e-10
   17   38   1.470e-13
   17   39   5.156e-13
   17   40   3.550e-13
   17   41   1.641e-13
   17   42   1.441e-15
   18   34   3.543e-17
   18   35   1.906e-15
   18   36   3.736e-03
   18   37   2.576e-05
   18   38   2.693e-06
   18   39   1.533e-12
   18   40   5.248e-12
   18   41   5.318e-13
   18   42   1.812e-12
   18   43   2.142e-12
   18   44   1.159e-12
   18   45   6.972e-14
   18   46   3.199e-15
   19   37   7.569e-12
   19   38   1.872e-05
   19   39   3.695e-05
   19   40   1.109e-11
   19   41   1.475e-11
   19   42   1.343e-14
   19   43   3.536e-13
   19   44   1.060e-13
   19   45   6.870e-13
   19   46   7.766e-13
   19   47   2.143e-13
   19   48   2.459e-15
   19   49   4.211e-14
   20   35   1.803e-18
   20   38   1.167e-17
   20   39   9.810e-14
   20   40   4.981e-03
   20   41   2.349e-05
   20   42   1.784e-05
   20   43   1.196e-07
   20   44   5.445e-11
   20   45   7.273e-13
   20   46   1.307e-12
   20   47   3.886e-12
   20   48   3.393e-12
   20   49   9.345e-12
   20   50   4.759e-14
   20   51   1.801e-13
   20   52   1.078e-16
   21   41   6.216e-14
   21   42   2.064e-13
   21   43   2.676e-05
   21   44   1.138e-09
   21   45   2.692e-07
   21   46   1.053e-11
   21   47   4.474e-12
   21   48   4.544e-13
   21   49   1.181e-12
   21   50   1.172e-12
   21   51   1.440e-12
   21   52   1.951e-14
   22   40   1.117e-13
   22   44   1.857e-04
   22   45   4.728e-05
   22   46   3.594e-05
   22   47   1.893e-06
   22   48   4.654e-09
   22   49   8.136e-11
   22   50   4.891e-11
   22   51   2.278e-11
   22   52   2.316e-12
   22   53   4.377e-13
   23   45   1.111e-14
   23   46   4.534e-15
   23   47   5.830e-05
   23   48   3.376e-07
   23   49   1.410e-06
   23   50   1.732e-10
   23   51   1.000e-09
   23   52   3.800e-12
   23   53   1.420e-12
   23   54   2.595e-12
   23   55   1.948e-15
   24   48   4.116e-04
   24   49   5.689e-05
   24   50   5.272e-05
   24   51   2.588e-06
   24   52   3.199e-08
   24   53   2.641e-10
   24   54   5.340e-10
   24   55   2.408e-12
   24   56   3.357e-12
   24   57   2.498e-13
   24   58   4.519e-15
   25   49   4.368e-15
   25   50   1.295e-15
   25   51   1.115e-04
   25   52   4.460e-06
   25   53   6.849e-06
   25   54   5.397e-09
   25   55   1.436e-09
   25   56   8.330e-12
   25   57   4.319e-12
   25   58   3.389e-15
   25   59   5.856e-17
   26   52   2.165e-03
   26   53   5.140e-05
   26   54   7.015e-05
   26   55   5.395e-07
   26   56   5.536e-05
   26   57   4.790e-08
   26   58   4.260e-07
   26   59   3.756e-10
   26   60   5.197e-10
   26   61   4.197e-11
   26   62   1.422e-11
   26   63   8.787e-15
   27   53   8.723e-16
   27   54   3.994e-16
   27   55   1.604e-04
   27   56   1.047e-04
   27   57   1.085e-05
   27   58   6.466e-08
   27   59   9.532e-07
   27   60   4.383e-09
   27   61   2.337e-08
   27   62   3.304e-11
   27   63   9.182e-12
   28   56   8.647e-01
   28   57   1.849e-02
   28   58   7.178e-03
   28   59   1.138e-03
   28   60   3.302e-03
   28   61   2.814e-05
   28   62   9.443e-04
   28   63   6.175e-07
   28   64   6.342e-06
   28   65   1.164e-09
   28   66   3.780e-09
   28   67   2.983e-12
   28   68   2.330e-11
   28   69   8.648e-13
   28   70   1.438e-14
   29   57   1.154e-13
   29   58   6.537e-10
   29   59   1.005e-03
   29   60   8.699e-03
   29   61   1.118e-04
   29   62   1.276e-06
   29   63   4.940e-05
   29   64   4.038e-07
   29   65   5.852e-06
   29   66   6.667e-09
   29   67   4.903e-08
   29   68   5.132e-11
   29   69   9.558e-11
   29   70   2.759e-11
   29   71   8.554e-12
   29   72   1.225e-13
   29   73   5.449e-16
   30   60   1.637e-02
   30   61   1.067e-04
   30   62   3.181e-04
   30   63   4.038e-05
   30   64   6.521e-04
   30   65   1.103e-05
   30   66   4.829e-04
   30   67   5.202e-07
   30   68   1.155e-05
   30   69   3.402e-09
   30   70   4.393e-08
   30   71   1.072e-10
   30   72   2.837e-10
   30   73   9.982e-12
   30   74   1.753e-10
   30   75   6.354e-13
   30   76   1.112e-14
   31   61   7.859e-16
   31   62   1.310e-17
   31   63   7.153e-06
   31   64   3.864e-04
   31   65   7.176e-06
   31   66   5.734e-08
   31   67   3.902e-06
   31   68   6.492e-08
   31   69   1.655e-06
   31   70   5.027e-09
   31   71   5.285e-08
   31   72   6.957e-11
   31   73   3.114e-09
   31   74   1.499e-10
   31   75   7.364e-11
   31   76   1.788e-11
   31   77   5.357e-13
   31   78   1.524e-14
   31   79   2.437e-17
   32   64   3.192e-04
   32   65   1.511e-06
   32   66   7.042e-06
   32   67   9.280e-07
   32   68   2.677e-05
   32   69   1.251e-06
   32   70   9.527e-05
   32   71   2.800e-07
   32   72   1.040e-05
   32   73   1.677e-08
   32   74   5.351e-07
   32   75   1.172e-09
   32   76   7.813e-08
   32   77   3.677e-11
   32   78   2.063e-10
   32   79   2.256e-11
   32   80   1.339e-11
   32   81   1.916e-13
   32   82   1.390e-15
   33   67   2.905e-07
   33   68   3.991e-06
   33   69   1.037e-07
   33   70   2.519e-09
   33   71   2.149e-07
   33   72   1.807e-08
   33   73   2.707e-07
   33   74   4.776e-09
   33   75   9.847e-08
   33   76   1.053e-09
   33   77   1.299e-07
   33   78   2.839e-10
   33   79   1.930e-09
   33   80   1.112e-11
   33   81   2.981e-11
   33   82   4.990e-12
   33   83   1.638e-12
   33   84   4.890e-16
   33   85   1.915e-15
   34   68   1.133e-06
   34   69   1.532e-08
   34   70   6.602e-08
   34   71   1.588e-08
   34   72   7.380e-07
   34   73   1.004e-07
   34   74   1.174e-05
   34   75   6.587e-07
   34   76   5.896e-06
   34   77   3.811e-08
   34   78   1.211e-06
   34   79   8.763e-09
   34   80   1.743e-07
   34   81   8.827e-10
   34   82   4.356e-09
   34   83   5.697e-11
   34   84   2.970e-11
   34   85   2.217e-11
   34   86   1.044e-12
   34   87   1.590e-14
   35   71   1.116e-09
   35   72   3.382e-08
   35   73   2.530e-09
   35   74   4.710e-10
   35   75   8.864e-09
   35   76   2.385e-09
   35   77   3.365e-07
   35   78   1.883e-09
   35   79   1.463e-07
   35   80   3.465e-09
   35   81   1.771e-07
   35   82   1.022e-08
   35   83   1.434e-07
   35   84   3.568e-10
   35   85   9.528e-10
   35   86   1.946e-11
   35   87   6.859e-11
   35   88   5.392e-12
   35   89   3.140e-15
   36   72   1.739e-09
   36   73   3.415e-10
   36   74   5.058e-09
   36   75   9.378e-10
   36   76   1.250e-08
   36   77   5.357e-09
   36   78   2.407e-06
   36   79   3.560e-07
   36   80   3.042e-06
   36   81   8.608e-08
   36   82   9.050e-07
   36   83   1.887e-08
   36   84   1.192e-06
   36   85   3.279e-08
   36   86   7.326e-07
   36   87   1.036e-10
   36   88   1.102e-10
   36   89   1.031e-10
   36   90   8.812e-12
   36   91   1.766e-13
   37   75   3.601e-11
   37   76   4.563e-10
   37   77   1.058e-09
   37   78   3.005e-10
   37   79   5.173e-10
   37   80   5.521e-10
   37   81   5.197e-08
   37   82   7.943e-10
   37   83   1.215e-07
   37   84   1.186e-08
   37   85   1.294e-07
   37   86   2.918e-08
   37   87   2.854e-06
   37   88   1.897e-10
   37   89   4.950e-11
   37   90   2.974e-11
   37   91   3.758e-11
   37   92   1.452e-15
   37   93   2.500e-14
   38   76   9.931e-13
   38   77   1.402e-12
   38   78   6.365e-10
   38   79   2.348e-10
   38   80   1.055e-09
   38   81   7.559e-10
   38   82   7.142e-08
   38   83   3.900e-08
   38   84   9.617e-07
   38   85   2.662e-07
   38   86   7.960e-07
   38   87   2.324e-07
   38   88   1.473e-04
   38   89   5.518e-08
   38   90   9.894e-10
   38   91   5.540e-11
   38   92   4.753e-11
   38   93   9.661e-11
   38   94   1.367e-11
   38   95   5.798e-12
   39   79   2.531e-12
   39   80   5.441e-11
   39   81   1.467e-10
   39   82   2.679e-11
   39   83   1.309e-10
   39   84   2.670e-11
   39   85   2.246e-09
   39   86   8.601e-09
   39   87   1.144e-07
   39   88   7.522e-08
   39   89   2.042e-05
   39   90   1.393e-08
   39   91   6.785e-10
   39   92   1.206e-12
   39   93   1.429e-11
   39   94   1.423e-11
   39   95   7.014e-11
   39   96   1.401e-15
   39   97   3.617e-17
   40   80   1.736e-15
   40   81   7.297e-15
   40   82   7.698e-11
   40   83   4.050e-11
   40   84   3.134e-10
   40   85   1.798e-10
   40   86   1.886e-09
   40   87   1.574e-09
   40   88   2.083e-07
   40   89   2.808e-07
   40   90   2.493e-04
   40   91   2.045e-07
   40   92   1.221e-08
   40   93   3.248e-11
   40   94   5.326e-12
   40   95   1.487e-11
   40   96   1.392e-11
   40   97   4.229e-11
   40   98   4.170e-12
   40  100   3.454e-14
   40  102   9.115e-18
   41   83   2.911e-17
   41   84   2.712e-13
   41   85   1.063e-11
   41   86   2.407e-10
   41   87   1.989e-10
   41   88   1.162e-10
   41   89   3.114e-10
   41   90   2.980e-09
   41   91   8.550e-06
   41   92   1.227e-08
   41   93   4.321e-09
   41   94   6.487e-12
   41   95   1.517e-11
   41   96   5.259e-12
   41   97   1.184e-11
   41   98   4.284e-13
   41   99   1.108e-12
   41  100   9.253e-15
   41  101   5.176e-14
   41  102   3.594e-15
   41  104   2.255e-15
   41  105   6.897e-18
   42   85   5.932e-18
   42   86   1.607e-11
   42   87   5.722e-12
   42   88   7.633e-10
   42   89   2.279e-10
   42   90   1.003e-09
   42   91   4.972e-10
   42   92   7.774e-06
   42   93   1.974e-07
   42   94   9.538e-08
   42   95   1.721e-10
   42   96   3.120e-11
   42   97   2.090e-11
   42   98   3.738e-11
   42   99   5.931e-11
   42  100   8.201e-11
   42  101   1.369e-10
   42  102   1.567e-10
   42  103   4.074e-11
   42  104   3.330e-11
   42  105   1.797e-11
   42  106   1.783e-13
   42  107   7.847e-17
   43   88   1.544e-15
   43   89   2.461e-12
   43   90   5.437e-13
   43   91   3.381e-10
   43   92   5.641e-10
   43   93   4.423e-09
   43   94   1.536e-09
   43   95   1.872e-09
   43   96   1.022e-10
   43   97   1.023e-10
   43   98   1.331e-11
   43   99   2.904e-11
   43  100   2.209e-13
   43  101   2.630e-11
   43  102   1.230e-12
   43  103   3.673e-11
   43  104   5.268e-11
   43  105   7.123e-11
   43  106   2.125e-11
   43  107   1.039e-11
   43  108   1.313e-14
   44   90   1.587e-12
   44   91   1.272e-13
   44   92   1.698e-09
   44   93   2.154e-10
   44   94   3.250e-08
   44   95   8.646e-09
   44   96   1.726e-08
   44   97   5.401e-09
   44   98   4.073e-09
   44   99   5.450e-10
   44  100   2.933e-10
   44  101   4.066e-11
   44  102   5.382e-11
   44  103   5.040e-11
   44  104   7.800e-12
   44  105   1.370e-11
   44  106   6.492e-11
   44  107   1.107e-10
   44  108   1.758e-10
   44  109   4.518e-11
   44  110   1.445e-12
   45   92   1.225e-17
   45   93   1.566e-12
   45   94   3.614e-10
   45   95   4.287e-09
   45   96   5.541e-08
   45   97   1.577e-08
   45   98   7.601e-09
   45   99   1.504e-08
   45  100   4.336e-09
   45  101   5.126e-09
   45  102   5.300e-10
   45  103   2.012e-10
   45  104   3.009e-12
   45  105   2.327e-10
   45  106   2.544e-13
   45  107   5.833e-11
   45  108   1.080e-11
   45  109   1.311e-10
   45  110   5.039e-13
   45  111   8.693e-13
   45  112   4.537e-15
   46   94   9.363e-13
   46   95   3.417e-15
   46   96   7.604e-08
   46   97   5.815e-09
   46   98   3.177e-08
   46   99   1.086e-08
   46  100   6.485e-08
   46  101   2.142e-08
   46  102   1.834e-08
   46  103   5.634e-09
   46  104   2.920e-09
   46  105   6.582e-10
   46  106   1.020e-09
   46  107   6.268e-11
   46  108   3.057e-10
   46  109   8.794e-11
   46  110   2.265e-10
   46  111   1.466e-10
   46  112   2.181e-10
   46  113   7.690e-11
   46  114   9.499e-11
   46  115   1.188e-11
   46  116   1.024e-12
   46  117   1.067e-15
   47   96   9.203e-17
   47   97   4.174e-10
   47   98   2.124e-09
   47   99   1.474e-09
   47  100   1.027e-09
   47  101   1.194e-08
   47  102   1.138e-08
   47  103   1.908e-08
   47  104   9.536e-09
   47  105   9.571e-09
   47  106   2.242e-09
   47  107   3.119e-09
   47  108   3.879e-10
   47  109   1.447e-09
   47  110   4.025e-12
   47  111   5.952e-10
   47  112   2.841e-12
   47  113   1.174e-10
   47  114   3.111e-12
   47  115   1.316e-10
   47  116   1.120e-10
   47  117   9.801e-11
   47  118   2.116e-16
   47  119   7.678e-12
   48   98   6.150e-12
   48   99   1.482e-11
   48  100   2.022e-10
   48  101   1.922e-10
   48  102   5.408e-09
   48  103   4.500e-09
   48  104   2.025e-08
   48  105   6.781e-09
   48  106   1.102e-08
   48  107   6.807e-09
   48  108   5.518e-09
   48  109   3.665e-09
   48  110   1.989e-09
   48  111   9.678e-10
   48  112   1.374e-09
   48  113   1.014e-10
   48  114   4.828e-10
   48  115   8.011e-12
   48  116   5.817e-10
   48  117   1.212e-10
   48  118   1.337e-09
   48  119   1.198e-10
   48  120   1.643e-10
   48  121   1.934e-12
   48  122   4.964e-15
   49  100   1.968e-16
   49  101   3.443e-13
   49  102   2.762e-12
   49  103   6.001e-11
   49  104   1.779e-10
   49  105   1.438e-09
   49  106   1.303e-09
   49  107   4.755e-09
   49  108   3.210e-09
   49  109   4.871e-09
   49  110   1.751e-09
   49  111   4.196e-09
   49  112   7.856e-10
   49  113   1.882e-09
   49  114   3.855e-10
   49  115   1.434e-09
   49  116   1.051e-11
   49  117   7.123e-09
   49  118   2.218e-12
   49  119   6.289e-09
   49  120   1.061e-11
   49  121   3.929e-10
   49  122   1.993e-15
   49  123   6.923e-14
   49  124   1.150e-17
   50  102   7.205e-18
   50  103   1.974e-15
   50  104   5.687e-12
   50  105   7.353e-12
   50  106   4.687e-10
   50  107   7.319e-10
   50  108   7.540e-09
   50  109   1.838e-09
   50  110   9.496e-09
   50  111   2.491e-09
   50  112   1.343e-08
   50  113   2.516e-09
   50  114   2.251e-08
   50  115   3.144e-09
   50  116   3.311e-09
   50  117   5.689e-09
   50  118   1.197e-08
   50  119   1.059e-08
   50  120   2.154e-08
   50  121   5.172e-09
   50  122   2.437e-09
   50  123   5.618e-10
   50  124   3.640e-10
   50  125   1.935e-10
   50  126   7.330e-09
   50  127   5.820e-10
   50  128   1.636e-09
   50  129   2.868e-10
   50  130   8.571e-10
   50  131   1.883e-10
   50  132   6.287e-10
   51  108   4.279e-17
   51  109   2.950e-13
   51  110   1.377e-12
   51  111   2.096e-10
   51  112   9.177e-11
   51  113   3.717e-09
   51  114   1.188e-09
   51  115   6.568e-08
   51  116   2.413e-09
   51  117   2.602e-09
   51  118   5.143e-10
   51  119   1.391e-08
   51  120   3.342e-10
   51  121   1.677e-08
   51  122   9.074e-10
   51  123   2.191e-09
   51  124   5.592e-11
   51  125   1.929e-08
   51  126   3.022e-10
   51  127   8.017e-09
   51  128   6.390e-11
   51  129   1.744e-09
   51  130   2.920e-10
   51  131   5.775e-09
   51  132   1.797e-09
   51  133   1.455e-09
   52  118   1.044e-09
   52  119   8.908e-10
   52  120   3.339e-09
   52  121   4.040e-09
   52  122   2.879e-09
   52  123   8.589e-10
   52  124   8.702e-09
   52  125   6.133e-09
   52  126   9.670e-09
   52  127   1.756e-09
   52  128   1.013e-08
   52  129   4.553e-11
   52  130   4.285e-09
   52  131   1.039e-09
   52  132   3.267e-09
   52  133   8.722e-10
   52  134   1.782e-09
   52  135   2.098e-12
   52  136   1.834e-12
   53  119   7.183e-10
   53  120   2.453e-10
   53  121   1.222e-09
   53  122   2.606e-10
   53  123   1.198e-09
   53  124   1.702e-10
   53  125   5.761e-09
   53  126   2.347e-10
   53  127   8.228e-09
   53  128   7.763e-10
   53  129   3.083e-09
   53  130   1.495e-10
   53  131   5.650e-09
   53  132   1.769e-10
   53  133   4.172e-09
   53  134   1.272e-10
   53  135   2.351e-09
   53  136   1.750e-11
   53  137   3.815e-12
   53  138   3.348e-14
   54  122   2.859e-09
   54  123   3.403e-10
   54  124   9.534e-09
   54  125   1.905e-09
   54  126   6.653e-08
   54  127   3.932e-09
   54  128   1.160e-08
   54  129   3.072e-10
   54  130   1.857e-09
   54  131   9.190e-10
   54  132   2.130e-09
   54  133   5.897e-10
   54  134   6.595e-09
   54  135   9.362e-11
   54  136   4.135e-09
   54  137   1.876e-11
   54  138   9.041e-11
   54  139   8.680e-12
   54  140   4.569e-13
   55  123   4.386e-10
   55  124   2.151e-11
   55  125   6.966e-09
   55  126   8.448e-10
   55  127   7.845e-08
   55  128   2.727e-09
   55  129   2.639e-08
   55  130   3.357e-10
   55  131   8.987e-10
   55  132   1.028e-10
   55  133   4.164e-09
   55  134   7.195e-10
   55  135   7.708e-09
   55  136   2.907e-10
   55  137   2.311e-08
   55  138   6.353e-12
   55  139   2.624e-11
   55  140   1.457e-11
   55  141   6.489e-12
   56  128   1.032e-07
   56  129   7.812e-09
   56  130   1.325e-07
   56  131   4.497e-09
   56  132   3.881e-08
   56  133   2.369e-09
   56  134   4.095e-09
   56  135   9.842e-10
   56  136   1.130e-08
   56  137   1.355e-09
   56  138   3.692e-08
   56  139   1.943e-12
   56  140   4.895e-11
   56  141   6.184e-11
   56  142   4.229e-11
   56  143   4.848e-12
   56  144   6.797e-13
   56  145   2.253e-16
   57  129   1.939e-08
   57  130   1.940e-09
   57  131   8.544e-08
   57  132   4.793e-09
   57  133   6.611e-08
   57  134   1.459e-09
   57  135   1.145e-08
   57  136   1.918e-10
   57  137   5.805e-09
   57  138   4.174e-09
   57  139   1.922e-08
   57  140   3.543e-13
   57  141   9.219e-11
   57  142   4.682e-12
   57  143   3.693e-10
   57  144   4.591e-11
   57  145   1.149e-11
   57  146   4.932e-14
   57  147   3.299e-16
   58  134   6.702e-08
   58  135   7.844e-09
   58  136   1.615e-07
   58  137   3.036e-09
   58  138   1.087e-08
   58  139   1.273e-09
   58  140   5.381e-09
   58  141   9.337e-13
   58  142   1.800e-11
   58  143   2.448e-11
   58  144   1.629e-10
   58  145   1.057e-10
   58  146   3.520e-10
   58  147   1.319e-10
   58  148   1.050e-10
   58  149   1.829e-14
   58  150   2.109e-15
   59  135   1.255e-08
   59  136   1.971e-09
   59  137   9.320e-08
   59  138   1.754e-09
   59  139   1.046e-08
   59  140   2.878e-10
   59  141   3.963e-09
   59  142   2.661e-12
   59  143   3.068e-12
   59  144   2.926e-13
   59  145   5.581e-11
   59  146   2.645e-11
   59  147   2.748e-10
   59  148   1.686e-10
   59  149   6.054e-10
   59  150   3.821e-13
   59  151   3.827e-11
   59  152   5.268e-16
   59  153   6.559e-15
   60  140   3.712e-08
   60  141   4.452e-09
   60  142   3.446e-08
   60  143   5.106e-12
   60  144   6.821e-12
   60  145   6.404e-13
   60  146   3.821e-12
   60  147   1.432e-11
   60  148   5.766e-11
   60  149   3.484e-10
   60  150   1.359e-09
   60  151   9.729e-10
   60  152   1.361e-09
   60  153   2.568e-10
   60  154   9.906e-11
   60  155   2.430e-12
   60  156   1.200e-13
   60  157   6.946e-17
   61  143   1.791e-08
   61  144   2.105e-11
   61  145   7.324e-11
   61  146   1.237e-13
   61  147   6.431e-11
   61  148   6.511e-14
   61  149   2.082e-12
   61  150   3.034e-15
   61  151   1.170e-10
   61  152   1.173e-10
   61  153   1.253e-09
   61  154   6.199e-10
   61  155   4.664e-10
   61  156   6.050e-11
   61  157   1.229e-11
   61  158   5.581e-14
   62  142   4.449e-08
   62  143   1.480e-09
   62  144   8.255e-09
   62  145   7.772e-12
   62  146   1.075e-10
   62  147   7.673e-12
   62  148   2.622e-11
   62  149   1.211e-13
   62  150   2.987e-12
   62  151   4.235e-13
   62  152   2.131e-11
   62  153   1.760e-10
   62  154   1.869e-10
   62  155   1.216e-09
   62  156   3.444e-09
   62  157   1.519e-09
   62  158   2.419e-09
   62  159   2.197e-11
   62  160   5.761e-12
   62  161   2.144e-14
   63  143   2.475e-09
   63  144   7.686e-14
   63  145   1.402e-09
   63  146   1.156e-11
   63  147   8.938e-12
   63  148   4.517e-13
   63  149   1.126e-10
   63  150   1.068e-12
   63  151   2.029e-11
   63  152   4.314e-13
   63  153   1.123e-11
   63  154   2.223e-13
   63  155   4.164e-11
   63  156   4.896e-12
   63  157   6.207e-10
   63  158   4.737e-10
   63  159   3.073e-09
   63  160   4.707e-10
   63  161   1.466e-10
   63  162   9.699e-12
   63  163   8.578e-13
   63  164   6.626e-15
   64  152   7.839e-10
   64  153   9.600e-13
   64  154   5.157e-11
   64  155   1.093e-12
   64  156   2.037e-10
   64  157   3.891e-12
   64  158   7.667e-12
   64  159   1.490e-10
   64  160   1.217e-09
   64  161   8.802e-10
   64  162   1.296e-09
   64  163   4.368e-10
   64  164   2.429e-10
   64  165   3.032e-12
   64  166   1.152e-14
   64  167   2.548e-14
   65  153   1.013e-10
   65  154   3.447e-14
   65  155   5.760e-10
   65  156   4.453e-12
   65  157   6.224e-10
   65  158   1.235e-12
   65  159   2.120e-10
   65  160   4.257e-12
   65  161   1.793e-10
   65  162   1.217e-10
   65  163   5.475e-10
   65  164   4.488e-10
   65  165   3.291e-10
   65  166   6.192e-11
   65  167   1.906e-11
   65  168   3.328e-13
   65  169   2.209e-15
   65  171   1.542e-17
   66  154   1.017e-07
   66  155   3.882e-10
   66  156   2.500e-10
   66  157   3.426e-11
   66  158   1.374e-10
   66  159   7.268e-12
   66  160   4.692e-10
   66  161   7.103e-12
   66  162   6.794e-11
   66  163   1.799e-11
   66  164   9.889e-11
   66  165   1.449e-10
   66  166   4.577e-10
   66  167   2.098e-10
   66  168   1.911e-10
   66  169   6.887e-11
   66  170   9.506e-11
   66  171   2.420e-14
   66  172   1.230e-13
   67  155   1.102e-08
   67  156   7.615e-12
   67  157   4.101e-11
   67  158   7.960e-13
   67  159   7.157e-11
   67  160   8.210e-13
   67  161   1.210e-10
   67  162   1.121e-13
   67  163   1.408e-10
   67  164   2.724e-12
   67  165   1.803e-10
   67  166   7.429e-13
   67  167   1.725e-10
   67  168   1.711e-11
   67  169   2.240e-10
   67  170   1.065e-10
   67  171   4.560e-11
   67  172   1.943e-11
   67  173   2.272e-11
   67  174   1.424e-15
   67  175   2.313e-16
   68  160   2.061e-10
   68  161   2.623e-12
   68  162   5.005e-11
   68  163   2.487e-12
   68  164   8.315e-11
   68  165   2.261e-12
   68  166   2.188e-10
   68  167   1.968e-12
   68  168   2.131e-11
   68  169   3.498e-11
   68  170   2.945e-11
   68  171   7.884e-11
   68  172   1.747e-10
   68  173   1.439e-10
   68  174   4.873e-11
   68  175   2.270e-11
   68  176   6.518e-12
   68  177   9.814e-13
   68  178   2.359e-15
   69  161   2.913e-11
   69  162   1.044e-13
   69  163   3.115e-11
   69  164   1.880e-13
   69  165   1.128e-10
   69  166   1.503e-12
   69  167   1.344e-10
   69  168   9.935e-12
   69  169   9.329e-11
   69  170   3.092e-12
   69  171   2.067e-11
   69  172   1.195e-13
   69  173   1.330e-10
   69  174   1.690e-11
   69  175   6.759e-11
   69  176   4.059e-11
   69  177   6.375e-11
   69  178   1.375e-12
   69  179   3.188e-14
   69  180   1.126e-17
   70  166   1.806e-10
   70  167   1.513e-12
   70  168   9.915e-11
   70  169   1.341e-12
   70  170   5.490e-11
   70  171   1.671e-12
   70  172   7.745e-12
   70  173   3.041e-13
   70  174   2.549e-11
   70  175   4.391e-12
   70  176   2.696e-11
   70  177   1.014e-10
   70  178   2.044e-10
   70  179   3.996e-11
   70  180   3.609e-11
   70  181   3.671e-11
   70  182   2.296e-13
   70  183   5.062e-16
   70  184   4.437e-17
   71  167   3.302e-11
   71  168   2.699e-13
   71  169   6.074e-12
   71  170   6.640e-15
   71  171   1.167e-10
   71  172   4.109e-13
   71  173   1.110e-10
   71  174   6.060e-13
   71  175   3.228e-11
   71  176   1.566e-13
   71  177   2.064e-12
   71  178   2.656e-12
   71  179   1.560e-10
   71  180   1.810e-11
   71  181   1.150e-10
   71  182   1.514e-11
   71  183   4.581e-12
   71  184   1.093e-12
   71  185   1.214e-13
   71  186   4.105e-16
   72  174   1.890e-10
   72  175   8.645e-13
   72  176   5.890e-11
   72  177   2.430e-12
   72  178   2.347e-11
   72  179   7.136e-13
   72  180   5.157e-11
   72  181   2.520e-11
   72  182   2.397e-11
   72  183   8.224e-12
   72  184   2.934e-11
   72  185   2.773e-11
   72  186   3.900e-11
   72  187   1.771e-15
   72  188   1.423e-11
   72  189   6.974e-14
   72  190   6.930e-14
   73  175   9.247e-11
   73  176   9.451e-14
   73  177   1.044e-10
   73  178   9.866e-14
   73  179   4.842e-11
   73  180   4.406e-12
   73  181   7.471e-11
   73  182   2.128e-13
   73  183   3.347e-13
   73  184   1.185e-13
   73  185   1.506e-11
   73  186   1.718e-11
   73  187   2.850e-11
   73  188   1.029e-11
   73  189   4.768e-13
   73  190   9.828e-14
   73  191   9.410e-13
   73  193   7.885e-17
   74  178   3.618e-10
   74  179   6.864e-12
   74  180   4.267e-11
   74  181   2.310e-12
   74  182   3.015e-11
   74  183   2.069e-13
   74  184   4.066e-12
   74  185   3.536e-13
   74  186   3.702e-12
   74  187   1.592e-11
   74  188   5.056e-11
   74  189   4.290e-11
   74  190   7.420e-11
   74  191   6.155e-11
   74  192   5.084e-11
   74  193   5.999e-13
   74  194   6.032e-12
   74  195   4.019e-15
   74  196   5.610e-16
   75  179   4.303e-11
   75  180   7.380e-14
   75  181   1.326e-10
   75  182   1.021e-12
   75  183   5.899e-11
   75  184   8.282e-13
   75  185   3.359e-12
   75  186   3.798e-14
   75  187   4.103e-14
   75  188   5.426e-16
   75  189   7.891e-12
   75  190   2.040e-12
   75  191   6.872e-11
   75  192   6.608e-12
   75  193   4.420e-11
   75  194   1.495e-11
   75  195   5.200e-14
   75  196   1.171e-15
   75  197   3.429e-12
   75  199   1.694e-14
   75  200   5.959e-17
   76  182   3.879e-11
   76  183   1.834e-12
   76  184   2.317e-11
   76  185   5.852e-13
   76  186   6.145e-11
   76  187   2.871e-13
   76  188   2.509e-12
   76  189   2.369e-14
   76  190   5.666e-13
   76  191   4.102e-12
   76  192   2.354e-11
   76  193   7.587e-12
   76  194   9.671e-11
   76  195   9.610e-11
   76  196   1.312e-10
   76  197   2.020e-10
   76  198   4.485e-11
   76  199   7.330e-14
   76  200   3.959e-14
   76  201   8.211e-13
   77  183   2.010e-12
   77  184   4.615e-14
   77  185   4.067e-11
   77  186   1.655e-13
   77  187   2.184e-11
   77  188   4.590e-14
   77  189   4.053e-11
   77  190   4.386e-14
   77  191   4.324e-12
   77  192   2.607e-14
   77  193   8.990e-14
   77  194   1.957e-16
   77  195   1.271e-11
   77  196   2.176e-12
   77  197   6.953e-11
   77  198   6.953e-12
   77  199   4.908e-13
   77  200   2.374e-12
   77  201   3.649e-11
   77  202   2.608e-13
   77  203   5.467e-17
   78  190   7.044e-11
   78  191   3.077e-13
   78  192   4.189e-11
   78  193   1.444e-12
   78  194   1.916e-12
   78  195   1.704e-13
   78  196   1.557e-12
   78  197   6.649e-12
   78  198   7.734e-11
   78  199   2.546e-10
   78  200   2.420e-10
   78  201   1.325e-10
   78  202   6.227e-11
   78  203   1.272e-13
   78  204   3.153e-14
   79  191   1.002e-11
   79  192   1.463e-14
   79  193   1.338e-11
   79  194   1.518e-14
   79  195   2.460e-11
   79  196   3.755e-14
   79  197   7.570e-12
   79  198   6.697e-14
   79  199   7.651e-12
   79  200   2.827e-13
   79  201   3.662e-11
   79  202   1.182e-14
   79  203   1.561e-11
   79  204   3.116e-12
   79  205   1.071e-12
   79  207   1.876e-17
   80  194   5.526e-10
   80  195   2.191e-13
   80  196   4.120e-12
   80  197   6.516e-13
   80  198   1.707e-11
   80  199   3.087e-12
   80  200   1.266e-12
   80  201   7.537e-13
   80  202   2.354e-13
   80  203   2.176e-11
   80  204   1.042e-11
   80  205   5.676e-12
   80  206   9.525e-12
   80  207   1.363e-12
   80  208   7.565e-13
   80  209   1.224e-13
   81  195   1.079e-11
   81  196   8.877e-14
   81  197   2.667e-12
   81  198   2.848e-13
   81  199   6.137e-12
   81  200   3.370e-13
   81  201   2.476e-12
   81  202   2.558e-13
   81  203   1.187e-12
   81  204   1.649e-13
   81  205   8.064e-12
   81  206   1.178e-12
   81  207   8.031e-12
   81  208   2.877e-14
   81  209   4.445e-13
   81  210   1.834e-13
   81  211   4.340e-15
   81  213   9.843e-14
   82  199   4.176e-11
   82  200   8.151e-13
   82  201   2.687e-14
   82  202   4.408e-13
   82  203   5.268e-14
   82  204   7.346e-13
   82  205   3.071e-14
   82  206   5.788e-12
   82  207   2.174e-12
   82  208   1.239e-11
   82  209   1.703e-13
   82  210   6.500e-13
   82  211   3.630e-13
   82  212   2.980e-13
   82  213   9.705e-14
   82  214   3.720e-13
   82  215   1.284e-13
   82  216   1.336e-13
   82  217   5.335e-15
   82  218   1.487e-15
   82  219   2.065e-15
   82  221   1.719e-16
   83  200   1.626e-13
   83  201   9.329e-15
   83  202   3.132e-16
   83  203   3.356e-15
   83  204   7.587e-16
   83  205   2.275e-14
   83  206   1.369e-14
   83  207   1.044e-13
   83  208   1.405e-14
   83  209   3.769e-14
   83  210   6.443e-17
   83  211   6.292e-15
   83  212   3.902e-16
   83  213   6.122e-15
   83  214   1.242e-14
   83  215   4.978e-14
   83  216   4.610e-15
   83  217   5.465e-14
   83  218   3.025e-14
   83  219   2.225e-14
   83  220   2.783e-15
   83  221   1.178e-16
   84  208   4.065e-17
   84  210   1.556e-17
   84  217   8.546e-16
   84  218   5.616e-14
   84  219   3.513e-14
   84  220   4.099e-14
   84  221   1.946e-14
   84  222   2.091e-14
   84  223   4.250e-16
   84  224   5.321e-17
   85  219   8.849e-16
   85  220   3.226e-15
   85  221   6.947e-15
   85  222   1.225e-15
   85  223   1.036e-14
   85  224   1.553e-14
   85  225   1.082e-14
   85  226   2.344e-16
   85  227   6.036e-17
   86  220   2.091e-16
   86  221   1.239e-15
   86  222   6.391e-16
   86  223   1.165e-14
   86  224   1.192e-14
   86  225   5.216e-14
   86  226   3.154e-14
   86  227   8.817e-15
   86  228   1.808e-14
   86  229   7.001e-16
   86  230   5.243e-17
   87  223   2.050e-16
   87  224   4.510e-17
   87  225   6.104e-15
   87  226   1.911e-15
   87  227   3.960e-14
   87  228   9.866e-15
   87  229   1.454e-14
   87  230   4.874e-15
   87  231   3.644e-15
   87  232   3.135e-17
   87  233   2.900e-16
   88  225   5.782e-16
   88  226   9.230e-16
   88  227   7.826e-15
   88  228   8.862e-15
   88  229   1.281e-14
   88  230   3.098e-14
   88  231   2.852e-14
   88  232   3.850e-14
   88  233   1.484e-14
   88  234   6.295e-15
   88  235   5.401e-16
   88  236   2.362e-17
   89  227   5.404e-17
   89  229   1.183e-15
   89  230   1.337e-16
   89  231   8.930e-15
   89  232   5.283e-15
   89  233   2.921e-14
   89  234   1.148e-14
   89  235   1.057e-14
   89  236   3.081e-15
   89  237   1.373e-15
   89  238   1.057e-16
   89  239   2.636e-17
   90  230   1.871e-17
   90  231   3.620e-16
   90  232   9.403e-16
   90  233   4.948e-15
   90  234   8.946e-15
   90  235   7.271e-15
   90  236   2.504e-14
   90  237   2.340e-14
   90  238   2.378e-14
   90  239   1.714e-14
   90  240   8.759e-15
   90  241   1.182e-15
   90  242   6.511e-15
   90  243   4.844e-17
   91  233   5.740e-17
   91  235   3.383e-16
   91  236   2.988e-16
   91  237   2.604e-15
   91  238   1.401e-15
   91  239   1.654e-14
   91  240   1.181e-14
   91  241   2.499e-14
   91  242   3.185e-15
   91  243   1.650e-14
   91  244   2.570e-16
   92  237   8.894e-17
   92  238   2.118e-16
   92  239   5.759e-17
   92  240   8.369e-15
   92  241   1.738e-14
   92  242   3.366e-14
   92  243   2.814e-14
   92  244   3.316e-14
   92  245   1.537e-14
   92  246   8.283e-16
   92  247   1.927e-16
   93  241   2.294e-16
   93  242   7.515e-16
   93  243   1.713e-14
   93  244   1.284e-14
   93  245   2.207e-14
   93  246   3.340e-15
   93  247   1.127e-14
   93  248   3.683e-17
   94  242   9.055e-17
   94  243   2.739e-15
   94  244   1.974e-15
   94  245   1.178e-14
   94  246   3.731e-14
   94  247   9.087e-14
   94  248   6.653e-14
   94  249   8.495e-14
   94  250   1.314e-14
   94  251   4.526e-15
   94  252   2.313e-15
   94  253   8.380e-16
   95  248   6.740e-15
   95  249   1.884e-14
