#   Z    A  M_ej/M_sun
    0    1   4.054e-12
    1    1   7.439e-03
    1    2   2.052e-11
    1    3   6.006e-14
    2    3   1.803e-13
    2    4   2.657e-01
    3    6   1.233e-13
    3    7   9.876e-12
    3    8   9.879e-15
    4    7   1.421e-13
    4    9   2.649e-10
    4   10   1.974e-08
    4   11   1.276e-14
    5    8   9.920e-19
    5   10   2.450e-13
    5   11   8.150e-11
    6   10   2.502e-17
    6   11   1.704e-12
    6   12   2.770e-01
    6   13   1.291e-08
    6   14   2.023e-08
    6   15   4.079e-18
    6   16   2.873e-07
    7   13   8.135e-09
    7   14   2.588e-08
    7   15   1.204e-07
    7   16   3.030e-08
    7   17   1.188e-09
    8   14   8.196e-09
    8   15   2.181e-07
    8   16   1.123e+00
    8   17   6.294e-09
    8   18   1.117e-06
    8   19   3.276e-09
    8   20   2.833e-10
    8   21   3.952e-13
    8   22   3.335e-17
    9   17   4.949e-09
    9   18   1.133e-10
    9   19   4.593e-08
    9   20   8.014e-10
    9   21   2.154e-11
    9   22   5.543e-14
    9   23   2.708e-18
   10   18   1.966e-16
   10   19   1.412e-12
   10   20   4.375e-02
   10   21   3.118e-06
   10   22   2.204e-07
   10   23   8.258e-09
   10   24   3.727e-06
   10   25   4.405e-17
   11   21   3.507e-09
   11   22   5.286e-08
   11   23   9.458e-06
   11   24   1.528e-06
   11   25   3.224e-07
   11   26   1.821e-14
   12   22   7.481e-13
   12   23   9.381e-08
   12   24   1.482e-02
   12   25   1.875e-06
   12   26   5.859e-07
   12   27   2.589e-06
   12   28   4.663e-07
   12   29   3.762e-15
   13   24   2.661e-16
   13   25   6.218e-10
   13   26   2.424e-06
   13   27   3.674e-05
   13   28   9.463e-09
   13   29   1.095e-07
   13   30   5.915e-14
   14   26   3.912e-15
   14   27   2.806e-10
   14   28   9.312e-02
   14   29   2.703e-05
   14   30   7.833e-06
   14   31   2.291e-07
   14   32   2.070e-07
   14   33   4.382e-11
   14   34   7.788e-15
   15   28   1.860e-17
   15   29   1.004e-10
   15   30   1.486e-05
   15   31   2.435e-05
   15   32   1.048e-09
   15   33   8.549e-07
   15   34   1.652e-08
   15   35   1.033e-07
   15   36   2.519e-11
   15   37   4.965e-17
   16   30   3.883e-16
   16   31   2.662e-12
   16   32   4.500e-02
   16   33   1.447e-05
   16   34   7.878e-06
   16   35   3.231e-07
   16   36   1.319e-06
   16   37   3.278e-07
   16   38   6.922e-07
   16   39   8.597e-09
   16   40   2.192e-09
   16   41   6.320e-17
   17   33   3.690e-13
   17   34   3.725e-13
   17   35   1.394e-05
   17   36   2.919e-10
   17   37   8.456e-08
   17   38   9.533e-09
   17   39   2.137e-06
   17   40   1.288e-06
   17   41   1.862e-06
   17   42   6.158e-10
   17   43   1.646e-14
   18   34   1.249e-17
   18   35   2.568e-15
   18   36   8.714e-03
   18   37   7.885e-06
   18   38   8.787e-07
   18   39   3.711e-08
   18   40   1.366e-06
   18   41   8.308e-06
   18   42   5.269e-06
   18   43   6.718e-07
   18   44   2.882e-06
   18   45   8.160e-08
   18   46   9.475e-09
   18   47   4.588e-17
   19   37   3.130e-12
   19   38   4.529e-06
   19   39   9.812e-06
   19   40   2.501e-10
   19   41   5.501e-08
   19   42   4.229e-10
   19   43   1.509e-07
   19   44   2.901e-07
   19   45   1.614e-06
   19   46   8.806e-06
   19   47   6.276e-07
   19   48   4.250e-09
   19   49   4.017e-08
   20   38   5.639e-18
   20   39   7.047e-14
   20   40   1.064e-02
   20   41   4.731e-06
   20   42   3.527e-06
   20   43   2.330e-08
   20   44   1.176e-08
   20   45   7.860e-08
   20   46   6.590e-06
   20   47   2.415e-05
   20   48   5.408e-03
   20   49   8.453e-05
   20   50   8.986e-06
   20   51   6.468e-08
   20   52   3.405e-10
   21   41   6.180e-15
   21   42   8.525e-15
   21   43   4.557e-06
   21   44   1.689e-09
   21   45   1.410e-07
   21   46   6.670e-10
   21   47   3.942e-09
   21   48   1.030e-09
   21   49   1.194e-04
   21   50   5.095e-04
   21   51   2.203e-06
   21   52   1.254e-07
   21   53   6.271e-15
   22   40   8.906e-15
   22   44   9.558e-05
   22   45   9.815e-06
   22   46   7.139e-06
   22   47   4.105e-07
   22   48   7.446e-08
   22   49   2.241e-06
   22   50   1.850e-03
   22   51   2.510e-04
   22   52   2.697e-04
   22   53   4.530e-06
   22   54   5.788e-14
   23   45   1.837e-14
   23   46   7.771e-15
   23   47   1.224e-05
   23   48   3.664e-07
   23   49   5.994e-07
   23   50   4.557e-09
   23   51   5.104e-05
   23   52   1.986e-04
   23   53   5.342e-05
   23   54   3.843e-05
   23   55   1.003e-08
   23   56   1.578e-18
   24   48   2.970e-04
   24   49   1.292e-05
   24   50   1.344e-05
   24   51   1.008e-06
   24   52   1.029e-04
   24   53   6.212e-05
   24   54   4.430e-03
   24   55   8.121e-05
   24   56   4.004e-04
   24   57   6.396e-07
   24   58   2.242e-08
   24   59   5.639e-18
   25   49   1.057e-15
   25   50   2.502e-16
   25   51   3.367e-05
   25   52   3.591e-06
   25   53   3.244e-06
   25   54   3.037e-07
   25   55   1.844e-04
   25   56   8.546e-05
   25   57   5.960e-05
   25   58   1.681e-08
   25   59   9.183e-11
   26   52   1.770e-03
   26   53   2.137e-05
   26   54   8.690e-05
   26   55   4.173e-06
   26   56   2.227e-03
   26   57   1.836e-04
   26   58   1.342e-02
   26   59   9.188e-05
   26   60   4.694e-03
   26   61   1.495e-05
   26   62   1.044e-04
   26   63   3.334e-10
   26   64   8.552e-16
   27   53   2.541e-16
   27   54   4.854e-17
   27   55   5.458e-05
   27   56   5.639e-05
   27   57   2.624e-05
   27   58   2.056e-06
   27   59   1.730e-04
   27   60   2.841e-06
   27   61   2.040e-04
   27   62   1.133e-04
   27   63   1.244e-05
   27   64   8.719e-15
   28   56   4.962e-01
   28   57   1.002e-02
   28   58   1.012e-01
   28   59   2.440e-03
   28   60   6.119e-02
   28   61   5.930e-04
   28   62   3.696e-02
   28   63   2.127e-04
   28   64   1.582e-02
   28   65   7.256e-05
   28   66   1.235e-02
   28   67   2.411e-06
   28   68   4.495e-04
   28   69   4.089e-08
   28   70   1.550e-08
   28   71   4.932e-15
   28   72   4.648e-18
   29   57   5.496e-14
   29   58   1.148e-09
   29   59   7.220e-04
   29   60   4.154e-03
   29   61   6.336e-04
   29   62   2.628e-05
   29   63   7.931e-04
   29   64   7.607e-06
   29   65   1.582e-04
   29   66   4.191e-06
   29   67   1.158e-04
   29   68   1.035e-03
   29   69   1.301e-04
   29   70   7.908e-05
   29   71   4.860e-06
   29   72   1.038e-08
   29   73   2.941e-10
   29   74   6.545e-18
   30   60   8.554e-03
   30   61   1.333e-04
   30   62   6.778e-03
   30   63   1.830e-04
   30   64   1.095e-02
   30   65   1.196e-04
   30   66   6.866e-03
   30   67   8.900e-06
   30   68   3.057e-03
   30   69   6.012e-05
   30   70   2.665e-04
   30   71   8.769e-05
   30   72   2.199e-04
   30   73   1.560e-05
   30   74   5.358e-04
   30   75   1.570e-07
   30   76   5.135e-08
   30   77   1.595e-15
   30   78   2.585e-17
   31   61   1.922e-16
   31   63   3.434e-06
   31   64   2.391e-04
   31   65   8.635e-06
   31   66   5.028e-07
   31   67   2.050e-05
   31   68   5.321e-07
   31   69   2.684e-05
   31   70   1.125e-07
   31   71   3.675e-05
   31   72   9.684e-08
   31   73   1.861e-04
   31   74   4.903e-04
   31   75   6.224e-05
   31   76   2.445e-04
   31   77   2.420e-06
   31   78   5.795e-09
   31   79   9.873e-12
   31   80   2.168e-16
   31   81   6.836e-18
   32   64   2.102e-04
   32   65   1.353e-06
   32   66   5.449e-05
   32   67   3.396e-06
   32   68   2.722e-04
   32   69   3.694e-06
   32   70   4.881e-04
   32   71   2.242e-06
   32   72   1.863e-04
   32   73   9.321e-07
   32   74   6.896e-05
   32   75   3.732e-05
   32   76   1.694e-03
   32   77   2.681e-04
   32   78   1.260e-03
   32   79   4.905e-05
   32   80   4.443e-04
   32   81   9.160e-07
   32   82   1.698e-08
   32   83   3.165e-14
   32   84   1.187e-14
   32   85   2.395e-15
   32   86   1.032e-16
   32   87   1.878e-17
   33   67   1.549e-07
   33   68   2.725e-06
   33   69   1.061e-07
   33   70   2.510e-08
   33   71   2.275e-07
   33   72   1.853e-08
   33   73   2.462e-06
   33   74   6.737e-08
   33   75   2.640e-06
   33   76   3.488e-08
   33   77   1.427e-05
   33   78   1.561e-05
   33   79   1.095e-03
   33   80   4.047e-04
   33   81   4.938e-04
   33   82   2.306e-04
   33   83   2.953e-05
   33   84   7.576e-10
   33   85   4.786e-09
   33   86   1.901e-14
   33   87   4.272e-15
   33   88   9.784e-17
   33   89   1.733e-17
   34   68   8.655e-07
   34   69   1.335e-08
   34   70   4.886e-07
   34   71   1.700e-07
   34   72   3.844e-06
   34   73   1.872e-07
   34   74   1.813e-05
   34   75   1.228e-06
   34   76   5.728e-05
   34   77   5.400e-07
   34   78   3.049e-05
   34   79   1.021e-04
   34   80   3.183e-03
   34   81   2.174e-03
   34   82   5.942e-03
   34   83   3.110e-03
   34   84   2.948e-03
   34   85   1.198e-04
   34   86   2.194e-05
   34   87   1.873e-08
   34   88   2.112e-13
   34   89   2.491e-14
   34   90   6.040e-15
   34   91   1.615e-15
   34   92   1.511e-16
   35   71   1.147e-09
   35   72   5.399e-08
   35   73   6.142e-09
   35   74   4.439e-09
   35   75   1.939e-08
   35   76   7.902e-09
   35   77   4.093e-07
   35   78   1.384e-08
   35   79   1.888e-06
   35   80   6.353e-08
   35   81   8.401e-05
   35   82   4.654e-07
   35   83   1.692e-04
   35   84   1.168e-03
   35   85   8.816e-04
   35   86   7.826e-04
   35   87   3.789e-04
   35   88   6.975e-05
   35   89   1.494e-08
   35   90   8.699e-13
   35   91   6.584e-14
   35   92   1.699e-14
   35   93   5.359e-15
   35   94   1.162e-15
   36   72   3.373e-09
   36   73   4.739e-10
   36   74   2.016e-08
   36   75   2.784e-08
   36   76   6.549e-07
   36   77   1.381e-07
   36   78   9.298e-07
   36   79   1.169e-07
   36   80   6.021e-06
   36   81   2.683e-07
   36   82   1.362e-05
   36   83   1.151e-06
   36   84   1.143e-04
   36   85   3.191e-04
   36   86   4.660e-03
   36   87   8.008e-04
   36   88   4.061e-03
   36   89   1.336e-03
   36   90   3.680e-04
   36   91   1.078e-06
   36   92   7.237e-13
   36   93   3.611e-13
   36   94   4.199e-14
   36   95   8.747e-15
   36   96   3.302e-15
   36   97   5.924e-16
   36   98   1.721e-16
   37   75   8.303e-11
   37   76   1.752e-09
   37   77   4.501e-09
   37   78   2.593e-09
   37   79   1.154e-08
   37   80   1.963e-09
   37   81   2.719e-08
   37   82   3.204e-09
   37   83   6.359e-07
   37   84   1.060e-07
   37   85   2.141e-06
   37   86   8.147e-07
   37   87   6.068e-04
   37   88   2.732e-05
   37   89   6.231e-04
   37   90   1.895e-03
   37   91   6.190e-04
   37   92   7.084e-09
   37   93   3.281e-08
   37   94   3.065e-12
   37   95   1.511e-13
   37   96   5.692e-14
   37   97   2.661e-14
   37   98   7.311e-15
   37   99   1.770e-15
   37  100   3.905e-16
   38   76   5.629e-12
   38   77   3.105e-12
   38   78   3.487e-09
   38   79   3.005e-09
   38   80   3.717e-07
   38   81   7.246e-08
   38   82   2.769e-07
   38   83   4.430e-08
   38   84   5.034e-07
   38   85   1.870e-07
   38   86   6.395e-06
   38   87   5.615e-06
   38   88   9.673e-03
   38   89   6.921e-05
   38   90   7.943e-04
   38   91   1.091e-03
   38   92   2.513e-03
   38   93   7.537e-04
   38   94   2.690e-04
   38   95   9.918e-06
   38   96   8.173e-13
   38   97   2.799e-13
   38   98   3.677e-13
   38   99   9.343e-14
   38  100   3.749e-14
   38  101   8.404e-15
   38  102   2.577e-15
   38  103   3.843e-16
   39   79   6.671e-12
   39   80   2.285e-10
   39   81   2.013e-09
   39   82   1.876e-10
   39   83   1.067e-08
   39   84   7.424e-09
   39   85   9.287e-09
   39   86   2.207e-09
   39   87   5.777e-08
   39   88   1.718e-07
   39   89   7.041e-04
   39   90   9.559e-07
   39   91   4.642e-06
   39   92   1.718e-05
   39   93   1.156e-04
   39   94   3.775e-04
   39   95   1.588e-04
   39   96   4.190e-09
   39   97   2.267e-11
   39   98   4.699e-13
   39   99   1.215e-12
   39  100   4.866e-13
   39  101   2.134e-13
   39  102   8.010e-14
   39  103   3.172e-14
   39  104   8.602e-15
   39  105   1.273e-15
   39  106   1.465e-16
   40   80   6.430e-15
   40   81   1.716e-14
   40   82   5.317e-10
   40   83   2.340e-09
   40   84   9.559e-08
   40   85   3.903e-08
   40   86   4.756e-07
   40   87   8.319e-08
   40   88   2.242e-07
   40   89   3.499e-07
   40   90   1.210e-03
   40   91   3.697e-06
   40   92   7.752e-07
   40   93   1.913e-07
   40   94   1.528e-05
   40   95   1.408e-05
   40   96   2.878e-04
   40   97   7.942e-05
   40   98   3.174e-05
   40   99   2.252e-12
   40  100   8.135e-08
   40  101   2.426e-12
   40  102   9.133e-12
   40  103   9.298e-13
   40  104   4.238e-13
   40  105   1.548e-13
   40  106   1.966e-14
   40  107   3.989e-15
   40  108   5.643e-16
   41   83   8.047e-17
   41   84   1.435e-12
   41   85   3.072e-10
   41   86   2.653e-09
   41   87   1.480e-08
   41   88   1.029e-08
   41   89   3.434e-08
   41   90   3.082e-08
   41   91   3.070e-06
   41   92   9.947e-09
   41   93   3.115e-08
   41   94   3.589e-10
   41   95   3.736e-09
   41   96   1.606e-09
   41   97   2.572e-07
   41   98   3.261e-06
   41   99   2.851e-07
   41  100   2.179e-08
   41  101   4.636e-08
   41  102   4.120e-09
   41  103   1.694e-12
   41  104   5.217e-09
   41  105   8.801e-12
   41  106   5.461e-13
   41  107   1.087e-13
   41  108   3.397e-14
   41  109   5.170e-15
   41  110   1.137e-15
   41  111   1.982e-16
   42   85   9.844e-18
   42   86   8.368e-11
   42   87   1.318e-10
   42   88   3.608e-08
   42   89   9.621e-09
   42   90   1.464e-06
   42   91   3.398e-07
   42   92   5.379e-05
   42   93   5.037e-07
   42   94   1.284e-07
   42   95   3.047e-09
   42   96   1.692e-08
   42   97   4.526e-09
   42   98   2.365e-04
   42   99   1.653e-05
   42  100   4.468e-04
   42  101   1.689e-04
   42  102   9.486e-04
   42  103   5.253e-04
   42  104   2.860e-04
   42  105   8.882e-05
   42  106   4.907e-07
   42  107   5.135e-11
   42  108   1.012e-12
   42  109   3.373e-13
   42  110   7.719e-14
   42  111   2.355e-14
   42  112   4.704e-15
   42  113   6.474e-16
   42  114   1.330e-17
   43   88   1.640e-15
   43   89   1.016e-11
   43   90   2.382e-13
   43   91   7.782e-09
   43   92   1.342e-08
   43   93   3.447e-06
   43   94   9.102e-07
   43   95   1.326e-07
   43   96   8.000e-09
   43   97   4.579e-08
   43   98   4.142e-09
   43   99   1.645e-08
   43  100   5.739e-11
   43  101   1.134e-05
   43  102   7.445e-06
   43  103   4.439e-04
   43  104   4.982e-04
   43  105   4.028e-04
   43  106   1.222e-04
   43  107   2.774e-05
   43  108   4.375e-09
   43  109   1.033e-12
   43  110   8.419e-13
   43  111   2.051e-13
   43  112   9.382e-14
   43  113   2.758e-14
   43  114   5.807e-15
   43  115   2.163e-15
   43  116   3.066e-16
   44   90   6.954e-13
   44   91   4.450e-13
   44   92   4.036e-09
   44   93   6.685e-09
   44   94   3.159e-05
   44   95   3.560e-06
   44   96   1.663e-06
   44   97   9.245e-08
   44   98   4.617e-08
   44   99   1.022e-08
   44  100   1.367e-08
   44  101   4.355e-07
   44  102   8.230e-05
   44  103   4.066e-04
   44  104   1.741e-05
   44  105   3.930e-05
   44  106   4.723e-04
   44  107   4.006e-04
   44  108   2.856e-04
   44  109   4.690e-05
   44  110   1.405e-06
   44  111   2.502e-12
   44  112   1.678e-12
   44  113   5.013e-13
   44  114   2.140e-13
   44  115   6.350e-14
   44  116   2.016e-14
   44  117   5.199e-15
   44  118   1.718e-15
   45   92   5.349e-18
   45   93   2.281e-13
   45   94   1.616e-10
   45   95   1.179e-08
   45   96   1.359e-08
   45   97   5.273e-08
   45   98   2.070e-08
   45   99   3.111e-08
   45  100   6.215e-09
   45  101   1.578e-08
   45  102   3.241e-09
   45  103   1.207e-08
   45  104   1.052e-09
   45  105   7.632e-08
   45  106   8.180e-10
   45  107   9.058e-05
   45  108   1.799e-05
   45  109   1.583e-04
   45  110   4.900e-07
   45  111   6.310e-07
   45  112   1.678e-09
   45  113   3.749e-12
   45  114   1.491e-12
   45  115   5.775e-13
   45  116   2.568e-13
   45  117   1.228e-13
   45  118   4.576e-14
   45  119   1.802e-14
   45  120   3.919e-15
   45  121   2.734e-15
   45  122   6.716e-16
   45  123   4.014e-16
   45  124   1.247e-16
   46   94   1.713e-13
   46   95   5.311e-16
   46   96   1.033e-08
   46   97   1.127e-08
   46   98   2.294e-07
   46   99   4.724e-08
   46  100   1.827e-07
   46  101   4.498e-08
   46  102   3.968e-08
   46  103   9.011e-09
   46  104   8.362e-09
   46  105   5.004e-09
   46  106   8.808e-09
   46  107   1.979e-06
   46  108   5.502e-05
   46  109   1.095e-04
   46  110   3.234e-04
   46  111   1.573e-04
   46  112   3.706e-04
   46  113   1.138e-04
   46  114   1.603e-04
   46  115   1.192e-05
   46  116   9.211e-07
   46  117   2.031e-10
   46  118   1.049e-12
   46  119   3.892e-13
   46  120   2.075e-13
   46  121   7.817e-14
   46  122   3.297e-13
   46  123   2.622e-13
   46  124   7.753e-14
   46  125   1.277e-13
   46  126   1.260e-13
   46  127   5.973e-16
   47   96   7.482e-18
   47   97   4.048e-12
   47   98   1.117e-10
   47   99   4.891e-10
   47  100   7.185e-10
   47  101   2.888e-09
   47  102   1.684e-08
   47  103   3.887e-08
   47  104   1.254e-08
   47  105   9.121e-09
   47  106   1.211e-09
   47  107   3.206e-09
   47  108   6.368e-10
   47  109   6.895e-08
   47  110   2.950e-10
   47  111   6.352e-06
   47  112   3.060e-07
   47  113   1.134e-04
   47  114   5.254e-06
   47  115   1.440e-04
   47  116   1.577e-04
   47  117   6.158e-05
   47  118   7.149e-11
   47  119   3.608e-06
   47  120   1.221e-12
   47  121   6.589e-13
   47  122   1.313e-12
   47  123   6.972e-13
   47  124   7.094e-13
   47  125   6.886e-13
   47  126   4.196e-13
   47  127   3.122e-13
   47  128   1.562e-13
   47  129   1.383e-13
   47  130   6.333e-17
   48   98   2.512e-13
   48   99   8.958e-13
   48  100   3.676e-10
   48  101   5.812e-10
   48  102   4.762e-08
   48  103   2.981e-08
   48  104   1.112e-07
   48  105   3.154e-08
   48  106   7.305e-08
   48  107   1.106e-08
   48  108   1.197e-08
   48  109   2.184e-09
   48  110   4.366e-09
   48  111   2.055e-09
   48  112   2.448e-09
   48  113   2.221e-07
   48  114   8.706e-05
   48  115   5.834e-06
   48  116   4.198e-05
   48  117   8.439e-05
   48  118   1.019e-04
   48  119   6.309e-05
   48  120   1.684e-05
   48  121   7.056e-07
   48  122   8.297e-10
   48  123   6.672e-12
   48  124   7.394e-12
   48  125   4.126e-12
   48  126   3.735e-12
   48  127   2.260e-12
   48  128   1.989e-12
   48  129   2.353e-12
   48  130   1.083e-12
   48  131   2.942e-13
   48  132   1.018e-12
   48  133   1.471e-13
   48  134   2.183e-14
   49  100   6.253e-18
   49  101   4.105e-14
   49  102   5.409e-13
   49  103   4.243e-11
   49  104   1.852e-10
   49  105   2.755e-09
   49  106   2.762e-09
   49  107   1.631e-08
   49  108   1.375e-08
   49  109   1.791e-08
   49  110   3.286e-09
   49  111   6.458e-09
   49  112   2.714e-10
   49  113   1.336e-09
   49  114   3.239e-10
   49  115   2.061e-09
   49  116   2.125e-11
   49  117   3.533e-07
   49  118   1.690e-07
   49  119   1.850e-05
   49  120   1.087e-06
   49  121   9.598e-06
   49  122   3.337e-10
   49  123   3.903e-09
   49  124   2.059e-11
   49  125   1.735e-11
   49  126   1.465e-11
   49  127   1.048e-11
   49  128   8.255e-12
   49  129   7.601e-12
   49  130   3.334e-12
   49  131   3.266e-12
   49  132   2.531e-12
   49  133   1.481e-11
   49  134   3.912e-12
   49  135   7.788e-13
   49  136   9.674e-14
   49  137   3.433e-14
   50  103   1.157e-16
   50  104   4.497e-13
   50  105   1.487e-11
   50  106   1.001e-09
   50  107   3.849e-09
   50  108   5.429e-08
   50  109   2.976e-08
   50  110   1.612e-07
   50  111   5.992e-08
   50  112   2.305e-07
   50  113   3.177e-08
   50  114   4.743e-08
   50  115   3.488e-09
   50  116   3.576e-09
   50  117   3.991e-09
   50  118   1.968e-06
   50  119   4.068e-06
   50  120   4.349e-05
   50  121   6.872e-05
   50  122   6.559e-05
   50  123   4.772e-05
   50  124   3.233e-05
   50  125   3.330e-05
   50  126   8.947e-05
   50  127   2.185e-04
   50  128   2.677e-04
   50  129   1.385e-04
   50  130   5.992e-04
   50  131   6.960e-05
   50  132   3.549e-05
   50  133   2.962e-11
   50  134   2.646e-11
   50  135   1.814e-11
   50  136   7.873e-12
   50  137   7.297e-12
   50  138   8.309e-13
   50  139   3.783e-13
   50  140   1.212e-13
   51  108   2.868e-16
   51  109   1.274e-12
   51  110   1.801e-11
   51  111   2.229e-09
   51  112   2.895e-09
   51  113   4.631e-08
   51  114   2.347e-08
   51  115   7.913e-08
   51  116   8.668e-09
   51  117   8.835e-09
   51  118   2.113e-10
   51  119   1.953e-09
   51  120   4.053e-11
   51  121   2.850e-08
   51  122   3.234e-10
   51  123   1.314e-09
   51  124   1.034e-09
   51  125   3.238e-09
   51  126   2.998e-10
   51  127   1.954e-06
   51  128   5.159e-06
   51  129   9.053e-05
   51  130   2.110e-04
   51  131   1.577e-04
   51  132   1.185e-04
   51  133   1.407e-05
   51  134   2.036e-11
   51  135   7.416e-11
   51  136   3.581e-11
   51  137   3.634e-11
   51  138   4.305e-11
   51  139   3.511e-11
   51  140   2.864e-12
   51  141   1.442e-12
   51  142   3.924e-13
   51  143   1.627e-13
   52  118   3.001e-08
   52  119   4.465e-09
   52  120   1.047e-08
   52  121   1.055e-09
   52  122   1.029e-09
   52  123   7.629e-11
   52  124   2.321e-10
   52  125   7.109e-11
   52  126   7.968e-11
   52  127   2.639e-10
   52  128   6.216e-09
   52  129   2.150e-07
   52  130   3.296e-06
   52  131   4.747e-06
   52  132   3.435e-05
   52  133   8.076e-06
   52  134   1.790e-05
   52  135   5.382e-07
   52  136   6.330e-07
   52  137   1.146e-10
   52  138   6.955e-11
   52  139   1.933e-11
   52  140   1.268e-11
   52  141   5.809e-12
   52  142   5.196e-12
   52  143   2.046e-12
   52  144   1.616e-12
   52  145   4.254e-13
   52  146   1.605e-13
   53  119   2.639e-08
   53  120   4.265e-09
   53  121   1.064e-08
   53  122   4.670e-10
   53  123   1.843e-09
   53  124   3.832e-11
   53  125   4.357e-10
   53  126   4.462e-12
   53  127   7.352e-11
   53  128   1.753e-11
   53  129   1.318e-09
   53  130   3.088e-11
   53  131   8.364e-08
   53  132   3.581e-09
   53  133   4.203e-07
   53  134   4.761e-07
   53  135   1.359e-05
   53  136   1.203e-05
   53  137   1.406e-06
   53  138   3.287e-09
   53  139   2.009e-10
   53  140   6.612e-11
   53  141   3.509e-11
   53  142   1.742e-11
   53  143   1.041e-11
   53  144   6.794e-12
   53  145   8.645e-12
   53  146   3.402e-12
   53  147   1.977e-12
   53  148   4.686e-13
   53  149   1.544e-13
   54  122   2.593e-08
   54  123   1.324e-09
   54  124   6.131e-08
   54  125   5.163e-09
   54  126   1.448e-08
   54  127   4.886e-10
   54  128   2.706e-10
   54  129   6.278e-12
   54  130   7.646e-11
   54  131   2.845e-11
   54  132   4.780e-11
   54  133   1.949e-10
   54  134   4.236e-08
   54  135   3.156e-08
   54  136   9.991e-06
   54  137   1.099e-05
   54  138   1.637e-05
   54  139   5.914e-06
   54  140   2.001e-07
   54  141   1.155e-10
   54  142   1.047e-10
   54  143   6.250e-11
   54  144   5.358e-11
   54  145   1.538e-11
   54  146   1.998e-11
   54  147   9.948e-12
   54  148   7.464e-12
   54  149   3.388e-12
   54  150   1.202e-12
   54  151   2.965e-13
   54  152   7.272e-14
   55  123   1.490e-09
   55  124   5.466e-11
   55  125   1.653e-08
   55  126   8.310e-10
   55  127   4.159e-09
   55  128   1.072e-10
   55  129   2.793e-10
   55  130   7.731e-12
   55  131   1.573e-10
   55  132   4.179e-12
   55  133   6.531e-10
   55  134   4.335e-11
   55  135   3.487e-10
   55  136   2.297e-10
   55  137   2.337e-06
   55  138   1.163e-06
   55  139   2.144e-05
   55  140   8.856e-06
   55  141   6.265e-07
   55  142   1.468e-10
   55  143   2.265e-10
   55  144   1.417e-10
   55  145   5.891e-11
   55  146   5.366e-11
   55  147   4.152e-11
   55  148   2.676e-11
   55  149   2.772e-11
   55  150   1.220e-11
   55  151   7.326e-12
   55  152   2.823e-12
   55  153   9.036e-13
   55  154   2.039e-13
   56  128   6.197e-08
   56  129   1.391e-09
   56  130   2.506e-08
   56  131   5.201e-10
   56  132   9.751e-10
   56  133   5.430e-10
   56  134   4.201e-10
   56  135   1.459e-10
   56  136   1.173e-09
   56  137   3.904e-10
   56  138   2.293e-08
   56  139   1.645e-06
   56  140   1.119e-05
   56  141   6.987e-06
   56  142   5.991e-06
   56  143   9.038e-08
   56  144   3.099e-08
   56  145   3.997e-10
   56  146   3.287e-10
   56  147   1.208e-10
   56  148   1.204e-10
   56  149   4.844e-11
   56  150   4.768e-11
   56  151   2.779e-11
   56  152   1.876e-11
   56  153   7.394e-12
   56  154   3.477e-12
   56  155   1.124e-12
   56  156   2.850e-13
   56  157   9.416e-14
   57  129   7.367e-09
   57  130   2.547e-10
   57  131   1.851e-08
   57  132   4.019e-10
   57  133   1.773e-09
   57  134   8.353e-11
   57  135   6.463e-10
   57  136   3.687e-11
   57  137   2.110e-09
   57  138   5.667e-10
   57  139   1.854e-08
   57  140   3.439e-10
   57  141   3.008e-07
   57  142   6.338e-07
   57  143   5.740e-06
   57  144   1.948e-06
   57  145   3.285e-07
   57  146   1.851e-09
   57  147   5.835e-10
   57  148   2.514e-10
   57  149   1.539e-10
   57  150   1.514e-10
   57  151   9.995e-11
   57  152   5.051e-11
   57  153   4.750e-11
   57  154   2.226e-11
   57  155   1.055e-11
   57  156   5.748e-12
   57  157   1.860e-12
   57  158   5.847e-13
   57  159   1.929e-13
   58  134   3.334e-08
   58  135   1.523e-09
   58  136   3.994e-09
   58  137   4.305e-10
   58  138   4.673e-09
   58  139   1.601e-09
   58  140   7.876e-09
   58  141   5.901e-10
   58  142   6.491e-09
   58  143   3.576e-07
   58  144   5.102e-06
   58  145   2.606e-06
   58  146   6.553e-06
   58  147   1.775e-06
   58  148   2.537e-06
   58  149   9.508e-10
   58  150   7.623e-10
   58  151   2.895e-10
   58  152   2.272e-10
   58  153   1.307e-10
   58  154   9.668e-11
   58  155   6.291e-11
   58  156   2.531e-11
   58  157   1.794e-11
   58  158   6.710e-12
   58  159   2.425e-12
   58  160   1.028e-12
   58  161   2.628e-13
   59  135   5.332e-09
   59  136   3.820e-10
   59  137   3.586e-09
   59  138   4.290e-11
   59  139   3.153e-09
   59  140   2.183e-10
   59  141   2.075e-08
   59  142   3.362e-11
   59  143   2.253e-10
   59  144   1.823e-11
   59  145   6.994e-07
   59  146   4.822e-07
   59  147   3.316e-06
   59  148   4.159e-06
   59  149   3.844e-06
   59  150   3.227e-09
   59  151   3.033e-07
   59  152   6.107e-10
   59  153   6.287e-10
   59  154   3.324e-10
   59  155   1.637e-10
   59  156   6.914e-11
   59  157   3.657e-11
   59  158   2.434e-11
   59  159   1.090e-11
   59  160   6.284e-12
   59  161   2.917e-12
   59  162   8.547e-13
   59  163   3.612e-13
   59  164   9.350e-14
   60  140   3.651e-08
   60  141   7.064e-09
   60  142   1.573e-08
   60  143   2.897e-12
   60  144   3.783e-11
   60  145   8.956e-10
   60  146   1.062e-08
   60  147   1.591e-07
   60  148   1.353e-06
   60  149   2.134e-06
   60  150   8.372e-06
   60  151   7.307e-06
   60  152   7.571e-06
   60  153   1.335e-06
   60  154   1.145e-06
   60  155   1.763e-08
   60  156   7.762e-10
   60  157   2.871e-10
   60  158   1.169e-10
   60  159   7.296e-11
   60  160   2.544e-11
   60  161   1.162e-11
   60  162   9.331e-12
   60  163   3.301e-12
   60  164   1.475e-12
   60  165   4.271e-13
   60  166   2.050e-13
   61  143   2.280e-08
   61  144   1.502e-11
   61  145   4.563e-11
   61  146   4.892e-13
   61  147   3.249e-11
   61  148   1.492e-13
   61  149   1.171e-08
   61  150   1.242e-12
   61  151   4.940e-07
   61  152   6.350e-07
   61  153   6.684e-06
   61  154   8.861e-06
   61  155   3.704e-06
   61  156   1.687e-07
   61  157   5.951e-08
   61  158   5.835e-10
   61  159   1.124e-10
   61  160   9.553e-11
   61  161   4.123e-11
   61  162   1.927e-11
   61  163   1.826e-11
   61  164   5.921e-12
   61  165   3.184e-12
   61  166   1.117e-12
   61  167   7.797e-13
   61  168   1.930e-13
   62  142   1.169e-09
   62  143   1.082e-09
   62  144   2.428e-08
   62  145   3.842e-12
   62  146   1.816e-10
   62  147   2.467e-12
   62  148   6.197e-11
   62  149   1.457e-12
   62  150   8.202e-12
   62  151   1.365e-10
   62  152   8.815e-08
   62  153   9.336e-07
   62  154   2.814e-06
   62  155   9.902e-06
   62  156   1.538e-05
   62  157   1.345e-05
   62  158   1.445e-05
   62  159   9.180e-08
   62  160   3.530e-08
   62  161   3.799e-10
   62  162   1.137e-10
   62  163   4.007e-11
   62  164   4.728e-11
   62  165   1.623e-11
   62  166   7.375e-12
   62  167   1.892e-12
   62  168   1.943e-12
   62  169   5.304e-13
   62  170   3.001e-13
   63  143   1.059e-10
   63  144   1.716e-13
   63  145   3.353e-09
   63  146   8.022e-12
   63  147   2.601e-12
   63  148   1.683e-13
   63  149   1.129e-10
   63  150   1.064e-13
   63  151   2.513e-11
   63  152   1.521e-13
   63  153   1.532e-10
   63  154   6.366e-13
   63  155   2.742e-07
   63  156   2.288e-08
   63  157   1.594e-06
   63  158   3.030e-06
   63  159   1.699e-05
   63  160   4.434e-06
   63  161   1.908e-06
   63  162   7.749e-08
   63  163   9.054e-09
   63  164   1.724e-10
   63  165   6.058e-11
   63  166   1.742e-11
   63  167   1.073e-11
   63  168   3.487e-12
   63  169   4.080e-12
   63  170   1.245e-12
   63  171   6.235e-13
   63  172   2.603e-13
   64  152   4.840e-09
   64  153   6.710e-12
   64  154   1.940e-11
   64  155   1.494e-12
   64  156   4.775e-11
   64  157   8.808e-10
   64  158   3.668e-08
   64  159   8.651e-07
   64  160   1.371e-05
   64  161   1.383e-05
   64  162   1.886e-05
   64  163   8.494e-06
   64  164   4.334e-06
   64  165   5.171e-08
   64  166   2.119e-10
   64  167   4.641e-10
   64  168   2.498e-11
   64  169   7.836e-12
   64  170   8.109e-12
   64  171   1.942e-12
   64  172   1.717e-12
   64  173   5.449e-13
   64  174   3.562e-13
   65  153   2.752e-10
   65  154   1.253e-13
   65  155   1.016e-08
   65  156   3.071e-11
   65  157   8.189e-10
   65  158   8.288e-13
   65  159   3.973e-10
   65  160   5.544e-12
   65  161   2.938e-06
   65  162   2.020e-06
   65  163   1.092e-05
   65  164   9.954e-06
   65  165   1.067e-05
   65  166   1.401e-06
   65  167   6.185e-07
   65  168   9.811e-09
   65  169   7.973e-11
   65  170   1.229e-11
   65  171   1.930e-11
   65  172   3.260e-12
   65  173   1.470e-12
   65  174   5.836e-13
   66  154   7.943e-09
   66  155   4.140e-11
   66  156   4.441e-09
   66  157   1.058e-10
   66  158   2.706e-09
   66  159   9.982e-11
   66  160   2.408e-09
   66  161   1.539e-10
   66  162   1.355e-07
   66  163   3.312e-07
   66  164   2.339e-06
   66  165   5.630e-06
   66  166   1.332e-05
   66  167   1.014e-05
   66  168   1.151e-05
   66  169   2.521e-06
   66  170   6.460e-06
   66  171   1.421e-09
   66  172   5.948e-09
   66  173   5.578e-12
   66  174   2.757e-12
   66  175   9.289e-18
   67  155   5.224e-10
   67  156   3.817e-13
   67  157   7.691e-10
   67  158   5.918e-12
   67  159   1.942e-09
   67  160   1.605e-11
   67  161   2.801e-09
   67  162   2.532e-12
   67  163   2.637e-09
   67  164   4.000e-11
   67  165   2.128e-08
   67  166   2.016e-09
   67  167   1.308e-06
   67  168   1.133e-06
   67  169   8.190e-06
   67  170   8.024e-06
   67  171   4.865e-06
   67  172   1.343e-06
   67  173   9.473e-07
   67  174   1.752e-10
   67  175   2.171e-11
   67  176   3.075e-17
   68  160   3.723e-09
   68  161   1.434e-11
   68  162   3.026e-09
   68  163   6.494e-11
   68  164   3.519e-09
   68  165   1.436e-11
   68  166   1.658e-09
   68  167   3.270e-09
   68  168   2.075e-07
   68  169   1.230e-06
   68  170   2.048e-06
   68  171   9.445e-06
   68  172   1.107e-05
   68  173   6.304e-06
   68  174   9.015e-06
   68  175   4.355e-06
   68  176   8.574e-07
   68  177   7.497e-08
   68  178   1.247e-10
   68  179   4.263e-13
   68  180   8.900e-18
   69  161   1.133e-10
   69  162   4.031e-13
   69  163   2.952e-09
   69  164   2.326e-11
   69  165   5.219e-09
   69  166   3.780e-11
   69  167   1.704e-10
   69  168   7.245e-13
   69  169   4.002e-11
   69  170   2.033e-12
   69  171   1.339e-08
   69  172   2.684e-09
   69  173   4.337e-06
   69  174   3.050e-06
   69  175   5.715e-06
   69  176   5.774e-06
   69  177   4.320e-06
   69  178   7.979e-08
   69  179   2.970e-09
   69  180   8.961e-13
   69  181   2.269e-15
   70  166   1.775e-09
   70  167   1.126e-11
   70  168   3.881e-09
   70  169   1.123e-11
   70  170   1.417e-11
   70  171   1.139e-12
   70  172   2.564e-11
   70  173   4.289e-09
   70  174   3.289e-07
   70  175   2.363e-07
   70  176   2.760e-06
   70  177   6.401e-06
   70  178   7.673e-06
   70  179   5.352e-06
   70  180   3.744e-06
   70  181   7.627e-07
   70  182   2.870e-08
   70  183   7.077e-11
   70  184   5.031e-12
   70  186   5.418e-15
   70  187   1.858e-16
   71  167   9.064e-11
   71  168   9.105e-12
   71  169   3.103e-10
   71  170   4.453e-13
   71  171   9.144e-09
   71  172   1.983e-11
   71  173   2.479e-10
   71  174   2.834e-13
   71  175   3.390e-10
   71  176   2.897e-11
   71  177   3.178e-08
   71  178   8.645e-08
   71  179   6.747e-07
   71  180   1.833e-06
   71  181   2.328e-06
   71  182   2.086e-06
   71  183   7.961e-07
   71  184   1.583e-07
   71  185   1.205e-08
   71  186   4.126e-11
   71  187   1.092e-12
   71  188   1.367e-17
   72  174   5.337e-09
   72  175   2.614e-11
   72  176   3.090e-11
   72  177   1.779e-12
   72  178   1.688e-09
   72  179   1.273e-09
   72  180   1.944e-07
   72  181   4.957e-07
   72  182   1.153e-06
   72  183   1.436e-06
   72  184   3.506e-06
   72  185   3.053e-06
   72  186   4.863e-06
   72  187   4.688e-10
   72  188   2.274e-06
   72  189   2.375e-08
   72  190   1.990e-08
   72  191   2.587e-14
   72  192   1.516e-13
   73  175   5.265e-09
   73  176   1.109e-11
   73  177   1.262e-09
   73  178   1.201e-12
   73  179   9.633e-12
   73  180   1.289e-12
   73  181   3.644e-09
   73  182   4.074e-10
   73  183   1.503e-08
   73  184   1.121e-08
   73  185   9.227e-07
   73  186   2.183e-06
   73  187   6.200e-06
   73  188   1.664e-06
   73  189   1.639e-07
   73  190   2.824e-08
   73  191   1.665e-07
   73  192   3.092e-12
   73  193   5.555e-11
   73  194   1.049e-15
   74  178   3.833e-09
   74  179   7.598e-11
   74  180   1.021e-11
   74  181   1.729e-12
   74  182   2.077e-10
   74  183   6.899e-11
   74  184   3.175e-09
   74  185   1.001e-08
   74  186   1.196e-07
   74  187   3.176e-06
   74  188   6.892e-06
   74  189   1.447e-05
   74  190   1.666e-05
   74  191   1.098e-05
   74  192   1.956e-05
   74  193   4.044e-07
   74  194   2.562e-06
   74  195   2.655e-09
   74  196   2.764e-10
   74  197   1.152e-16
   75  179   4.599e-10
   75  180   1.825e-12
   75  181   1.722e-09
   75  182   7.980e-12
   75  183   4.665e-12
   75  184   1.023e-13
   75  185   1.172e-12
   75  186   1.203e-12
   75  187   1.206e-09
   75  188   4.020e-11
   75  189   1.110e-06
   75  190   4.274e-07
   75  191   1.167e-05
   75  192   2.542e-06
   75  193   2.778e-05
   75  194   6.438e-06
   75  195   3.638e-08
   75  196   5.809e-10
   75  197   5.363e-07
   75  198   3.695e-12
   75  199   2.499e-09
   75  200   5.337e-12
   75  201   1.895e-16
   76  182   4.244e-10
   76  183   1.381e-11
   76  184   2.300e-11
   76  185   3.226e-13
   76  186   3.062e-11
   76  187   3.071e-14
   76  188   1.212e-11
   76  189   3.454e-10
   76  190   6.907e-08
   76  191   6.563e-07
   76  192   8.909e-06
   76  193   4.597e-06
   76  194   3.931e-05
   76  195   6.662e-05
   76  196   8.353e-05
   76  197   3.404e-05
   76  198   1.308e-05
   76  199   1.088e-08
   76  200   3.785e-09
   76  201   6.021e-08
   76  202   6.350e-13
   77  183   2.460e-11
   77  184   4.205e-13
   77  185   1.208e-10
   77  186   4.654e-13
   77  187   3.769e-12
   77  188   5.353e-15
   77  189   1.989e-12
   77  190   2.058e-15
   77  191   1.084e-11
   77  192   5.084e-15
   77  193   1.212e-09
   77  194   8.040e-12
   77  195   6.993e-06
   77  196   1.411e-06
   77  197   1.130e-05
   77  198   2.029e-06
   77  199   7.430e-08
   77  200   2.514e-07
   77  201   2.859e-06
   77  202   9.952e-09
   77  203   2.392e-12
   78  190   3.668e-11
   78  191   2.381e-13
   78  192   2.748e-12
   78  193   1.595e-14
   78  194   6.239e-15
   78  195   2.285e-08
   78  196   9.873e-07
   78  197   1.009e-06
   78  198   2.201e-05
   78  199   4.056e-05
   78  200   2.804e-05
   78  201   1.048e-05
   78  202   2.239e-06
   78  203   2.612e-09
   78  204   4.895e-10
   78  205   3.090e-17
   79  191   4.559e-12
   79  192   7.028e-15
   79  193   5.688e-12
   79  194   6.624e-15
   79  195   1.244e-12
   79  196   8.275e-16
   79  197   3.000e-10
   79  198   9.927e-14
   79  199   1.088e-06
   79  200   3.012e-08
   79  201   2.828e-06
   79  202   1.024e-09
   79  203   2.810e-07
   79  204   5.023e-08
   79  205   1.605e-08
   79  206   1.797e-15
   79  207   5.483e-13
   80  194   5.191e-12
   80  195   1.327e-14
   80  196   1.342e-12
   80  197   4.251e-14
   80  198   2.350e-13
   80  199   1.077e-10
   80  200   2.755e-10
   80  201   4.426e-08
   80  202   1.179e-09
   80  203   3.702e-07
   80  204   1.437e-07
   80  205   8.695e-08
   80  206   1.043e-07
   80  207   8.188e-08
   80  208   1.534e-07
   80  209   2.339e-08
   80  210   9.467e-14
   81  195   7.688e-13
   81  196   1.617e-14
   81  197   1.206e-13
   81  198   3.536e-15
   81  199   2.463e-14
   81  200   2.366e-16
   81  201   1.450e-15
   81  202   2.924e-17
   81  203   2.950e-12
   81  204   2.780e-15
   81  205   1.323e-08
   81  206   1.260e-08
   81  207   3.276e-08
   81  208   3.522e-09
   81  209   9.234e-08
   81  210   1.307e-07
   81  211   1.416e-09
   81  212   1.732e-15
   81  213   2.318e-07
   81  214   3.924e-14
   82  199   1.220e-12
   82  200   4.557e-14
   82  201   1.205e-15
   82  202   1.251e-14
   82  203   2.461e-16
   82  204   4.058e-15
   82  205   9.064e-17
   82  206   1.769e-09
   82  207   4.030e-09
   82  208   7.241e-10
   82  209   3.619e-08
   82  210   1.684e-07
   82  211   3.149e-07
   82  212   4.779e-07
   82  213   5.087e-07
   82  214   9.091e-07
   82  215   4.891e-07
   82  216   9.315e-07
   82  217   2.384e-08
   82  218   5.088e-09
   82  219   1.223e-08
   82  220   3.416e-14
   82  221   2.528e-09
   82  222   1.806e-15
   83  200   2.338e-14
   83  201   1.922e-16
   83  203   3.940e-17
   83  205   1.004e-16
   83  206   2.264e-17
   83  207   3.010e-16
   83  208   7.781e-17
   83  209   8.687e-11
   83  210   9.309e-15
   83  211   6.305e-09
   83  212   7.851e-10
   83  213   2.895e-08
   83  214   3.321e-08
   83  215   2.653e-07
   83  216   3.829e-08
   83  217   4.892e-07
   83  218   2.075e-07
   83  219   2.492e-07
   83  220   1.968e-08
   83  221   1.733e-09
   83  222   4.962e-14
   83  223   1.910e-13
   83  224   2.309e-17
   84  211   7.061e-14
   84  213   3.844e-17
   84  214   4.576e-15
   84  215   1.056e-12
   84  216   5.985e-11
   84  217   7.704e-09
   84  218   6.492e-07
   84  219   7.117e-07
   84  220   7.380e-07
   84  221   8.655e-07
   84  222   8.870e-07
   84  223   9.038e-09
   84  224   3.925e-10
   84  225   5.383e-13
   84  226   8.008e-17
   84  227   2.231e-16
   85  217   1.360e-13
   85  218   1.040e-12
   85  219   2.427e-08
   85  220   8.475e-08
   85  221   4.252e-07
   85  222   6.224e-08
   85  223   4.683e-07
   85  224   4.134e-07
   85  225   1.537e-07
   85  226   1.752e-09
   85  227   2.810e-10
   85  228   5.252e-12
   85  229   4.358e-15
   85  231   6.411e-17
   86  218   2.638e-17
   86  219   4.703e-11
   86  220   7.371e-09
   86  221   1.027e-07
   86  222   4.567e-08
   86  223   7.790e-07
   86  224   4.572e-07
   86  225   1.207e-06
   86  226   9.850e-07
   86  227   1.144e-07
   86  228   4.835e-07
   86  229   1.365e-08
   86  230   3.193e-10
   86  231   2.496e-14
   86  232   1.260e-12
   86  233   2.987e-17
   87  221   1.120e-09
   87  222   1.671e-13
   87  223   1.741e-08
   87  224   2.190e-09
   87  225   1.787e-07
   87  226   7.552e-08
   87  227   1.077e-06
   87  228   3.236e-07
   87  229   6.978e-07
   87  230   7.400e-08
   87  231   7.395e-08
   87  232   1.677e-10
   87  233   3.277e-09
   87  234   2.586e-13
   87  235   8.822e-15
   88  222   2.357e-15
   88  223   2.885e-10
   88  224   2.534e-10
   88  225   2.045e-08
   88  226   5.474e-08
   88  227   3.400e-07
   88  228   4.265e-07
   88  229   1.043e-06
   88  230   1.170e-06
   88  231   1.310e-06
   88  232   1.426e-06
   88  233   4.478e-07
   88  234   2.749e-07
   88  235   1.769e-08
   88  236   1.854e-10
   88  237   1.474e-12
   88  238   1.163e-15
   89  225   3.067e-13
   89  226   9.651e-17
   89  227   3.499e-09
   89  228   9.139e-13
   89  229   1.499e-07
   89  230   7.496e-09
   89  231   6.794e-07
   89  232   2.806e-07
   89  233   1.668e-06
   89  234   7.542e-07
   89  235   9.030e-07
   89  236   6.264e-08
   89  237   4.279e-08
   89  238   1.812e-09
   89  239   3.479e-10
   89  240   2.604e-14
   89  241   4.467e-12
   89  242   4.543e-17
   90  227   9.383e-17
   90  228   7.818e-16
   90  229   8.883e-10
   90  230   1.645e-09
   90  231   4.413e-08
   90  232   7.929e-08
   90  233   4.707e-07
   90  234   1.044e-06
   90  235   1.088e-06
   90  236   1.392e-06
   90  237   2.176e-06
   90  238   2.050e-06
   90  239   1.066e-06
   90  240   3.964e-07
   90  241   1.720e-08
   90  242   2.110e-07
   90  243   2.909e-10
   90  244   6.910e-13
   90  245   1.679e-13
   91  231   9.695e-12
   91  232   3.929e-15
   91  233   8.822e-09
   91  234   1.857e-11
   91  235   8.175e-08
   91  236   2.662e-08
   91  237   3.877e-07
   91  238   1.729e-07
   91  239   1.785e-06
   91  240   7.737e-07
   91  241   9.942e-07
   91  242   1.047e-07
   91  243   3.506e-07
   91  244   2.419e-09
   91  245   9.693e-12
   91  246   1.605e-12
   91  247   5.445e-17
   92  233   6.807e-14
   92  234   1.507e-14
   92  235   1.208e-09
   92  236   1.271e-09
   92  237   2.112e-08
   92  238   4.103e-08
   92  239   9.673e-09
   92  240   9.536e-07
   92  241   1.245e-06
   92  242   2.429e-06
   92  243   9.349e-07
   92  244   1.295e-06
   92  245   4.479e-07
   92  246   8.929e-09
   92  247   6.589e-10
   92  248   7.579e-12
   92  249   6.867e-12
   92  250   2.028e-15
   92  251   3.693e-13
   93  237   7.217e-13
   93  238   5.070e-16
   93  239   1.585e-10
   93  240   5.260e-10
   93  241   2.643e-08
   93  242   8.221e-08
   93  243   9.385e-07
   93  244   7.755e-07
   93  245   1.005e-06
   93  246   4.623e-08
   93  247   8.675e-08
   93  248   1.016e-10
   93  249   6.799e-12
   93  250   7.439e-13
   93  251   1.621e-13
   93  252   2.174e-17
   94  239   1.355e-14
   94  240   2.802e-12
   94  241   6.729e-10
   94  242   1.594e-08
   94  243   2.518e-07
   94  244   1.932e-07
   94  245   9.414e-07
   94  246   1.683e-06
   94  247   1.961e-06
   94  248   1.336e-06
   94  249   1.708e-06
   94  250   1.330e-07
   94  251   2.876e-08
   94  252   1.862e-08
   94  253   4.856e-09
   94  254   9.344e-13
   94  255   2.554e-15
   95  241   2.434e-17
   95  243   2.846e-10
   95  244   1.912e-13
   95  245   6.611e-10
   95  246   7.495e-11
   95  247   4.250e-10
   95  248   2.070e-07
   95  249   5.735e-07
