#   Z    A  M_ej/M_sun
    0    1   6.794e-08
    1    1   2.403e-03
    1    2   7.152e-09
    1    3   2.312e-10
    2    3   2.417e-13
    2    4   1.420e-01
    3    6   1.171e-14
    3    7   4.824e-12
    3    8   9.230e-14
    4    7   1.288e-13
    4    9   2.983e-11
    4   10   1.909e-09
    4   11   5.806e-14
    5   10   1.741e-15
    5   11   1.429e-11
    6   10   3.130e-18
    6   11   5.193e-12
    6   12   3.135e-01
    6   13   3.880e-10
    6   14   2.342e-10
    6   15   4.965e-17
    6   16   2.261e-08
    7   13   2.003e-09
    7   14   4.173e-08
    7   15   1.078e-07
    7   16   2.385e-09
    7   17   8.327e-11
    8   14   3.568e-09
    8   15   1.865e-07
    8   16   1.272e+00
    8   17   1.088e-09
    8   18   6.432e-09
    8   19   2.182e-11
    8   20   5.804e-13
    8   21   2.225e-14
    9   17   6.757e-10
    9   18   5.760e-11
    9   19   1.261e-09
    9   20   1.603e-12
    9   21   1.143e-12
    9   22   9.075e-16
   10   18   1.501e-14
   10   19   1.298e-12
   10   20   5.883e-02
   10   21   5.499e-07
   10   22   1.443e-09
   10   23   3.161e-11
   10   24   9.206e-08
   10   25   8.648e-18
   11   20   3.159e-18
   11   21   4.243e-08
   11   22   1.627e-07
   11   23   2.323e-06
   11   24   3.601e-08
   11   25   1.957e-09
   11   26   9.934e-15
   11   27   2.561e-16
   12   22   7.593e-13
   12   23   2.491e-08
   12   24   1.735e-02
   12   25   3.261e-07
   12   26   1.982e-08
   12   27   4.153e-07
   12   28   1.786e-08
   12   29   2.454e-15
   12   30   4.910e-17
   13   24   1.053e-15
   13   25   1.431e-10
   13   26   1.304e-06
   13   27   1.807e-05
   13   28   1.241e-09
   13   29   2.760e-09
   13   30   1.932e-14
   13   31   3.512e-16
   14   25   1.217e-17
   14   26   5.202e-15
   14   27   2.036e-10
   14   28   5.200e-02
   14   29   2.444e-05
   14   30   5.836e-06
   14   31   4.804e-08
   14   32   2.843e-08
   14   33   3.341e-12
   14   34   7.501e-15
   14   35   2.981e-18
   15   27   6.725e-17
   15   28   2.004e-16
   15   29   4.085e-11
   15   30   1.168e-05
   15   31   1.570e-05
   15   32   1.316e-09
   15   33   6.520e-08
   15   34   6.256e-10
   15   35   2.010e-09
   15   36   1.435e-12
   15   37   2.094e-15
   15   38   5.983e-18
   16   29   2.730e-18
   16   30   8.920e-16
   16   31   6.654e-13
   16   32   2.096e-02
   16   33   9.340e-06
   16   34   4.494e-06
   16   35   1.374e-08
   16   36   7.594e-08
   16   37   5.032e-08
   16   38   7.419e-08
   16   39   8.931e-10
   16   40   3.098e-10
   16   41   6.675e-16
   16   42   4.309e-17
   17   32   1.404e-18
   17   33   9.321e-14
   17   34   7.613e-14
   17   35   8.549e-06
   17   36   1.047e-10
   17   37   1.377e-08
   17   38   1.302e-09
   17   39   2.110e-07
   17   40   1.942e-07
   17   41   9.088e-07
   17   42   7.812e-10
   17   43   5.110e-14
   17   44   3.724e-17
   17   45   3.254e-18
   18   34   2.176e-16
   18   35   2.988e-15
   18   36   4.017e-03
   18   37   4.638e-06
   18   38   4.966e-07
   18   39   4.394e-09
   18   40   2.127e-07
   18   41   3.954e-06
   18   42   5.416e-06
   18   43   1.770e-06
   18   44   3.036e-06
   18   45   5.005e-07
   18   46   6.192e-09
   18   47   3.131e-16
   18   48   1.485e-17
   19   37   1.509e-12
   19   38   2.825e-06
   19   39   4.897e-06
   19   40   9.346e-11
   19   41   2.604e-08
   19   42   2.352e-10
   19   43   4.003e-07
   19   44   3.130e-07
   19   45   9.603e-06
   19   46   5.852e-06
   19   47   2.037e-07
   19   48   6.084e-09
   19   49   2.866e-08
   19   50   3.496e-17
   19   51   1.455e-18
   20   38   1.813e-17
   20   39   1.506e-14
   20   40   5.045e-03
   20   41   2.007e-06
   20   42   1.491e-06
   20   43   1.027e-08
   20   44   1.051e-08
   20   45   4.591e-07
   20   46   4.414e-06
   20   47   8.143e-06
   20   48   9.203e-03
   20   49   9.313e-05
   20   50   1.688e-05
   20   51   2.001e-07
   20   52   1.137e-10
   20   53   2.023e-18
   21   41   2.721e-13
   21   42   1.139e-12
   21   43   2.029e-06
   21   44   6.969e-10
   21   45   4.878e-08
   21   46   1.356e-10
   21   47   1.405e-09
   21   48   1.384e-09
   21   49   1.892e-04
   21   50   1.039e-03
   21   51   2.972e-06
   21   52   4.097e-08
   21   53   6.874e-15
   21   54   1.041e-16
   22   40   2.581e-15
   22   42   5.748e-18
   22   43   2.026e-16
   22   44   5.117e-05
   22   45   4.206e-06
   22   46   2.967e-06
   22   47   1.796e-07
   22   48   1.857e-08
   22   49   3.701e-06
   22   50   1.545e-03
   22   51   2.383e-04
   22   52   5.087e-04
   22   53   3.218e-06
   22   54   6.957e-15
   22   55   1.902e-16
   22   56   2.990e-18
   23   45   5.587e-13
   23   46   3.852e-13
   23   47   5.261e-06
   23   48   1.506e-07
   23   49   2.035e-07
   23   50   7.932e-10
   23   51   4.180e-05
   23   52   4.036e-04
   23   53   5.528e-05
   23   54   5.214e-05
   23   55   7.038e-09
   23   56   4.192e-16
   23   57   4.885e-17
   24   47   1.004e-17
   24   48   1.433e-04
   24   49   4.922e-06
   24   50   5.875e-06
   24   51   3.906e-07
   24   52   8.080e-05
   24   53   5.539e-05
   24   54   1.729e-03
   24   55   6.976e-05
   24   56   7.609e-04
   24   57   6.389e-07
   24   58   2.289e-08
   24   59   6.989e-16
   24   60   1.374e-16
   25   49   1.068e-13
   25   50   3.863e-14
   25   51   1.444e-05
   25   52   2.272e-06
   25   53   1.214e-06
   25   54   6.280e-08
   25   55   5.625e-05
   25   56   1.625e-04
   25   57   4.837e-05
   25   58   1.716e-08
   25   59   1.545e-10
   25   60   5.813e-16
   25   61   1.096e-16
   25   62   5.924e-18
   26   52   1.141e-03
   26   53   8.357e-06
   26   54   1.724e-05
   26   55   5.870e-07
   26   56   3.123e-04
   26   57   8.178e-05
   26   58   5.199e-03
   26   59   9.439e-05
   26   60   4.327e-03
   26   61   1.460e-05
   26   62   3.012e-04
   26   63   2.679e-10
   26   64   6.811e-15
   26   65   8.835e-17
   26   66   1.392e-17
   27   53   2.516e-15
   27   54   1.156e-15
   27   55   2.973e-05
   27   56   2.632e-05
   27   57   8.638e-06
   27   58   6.426e-07
   27   59   5.920e-05
   27   60   2.013e-06
   27   61   1.724e-04
   27   62   3.364e-04
   27   63   2.045e-05
   27   64   1.277e-15
   27   65   9.552e-16
   27   66   3.192e-17
   27   67   9.219e-18
   28   56   2.290e-01
   28   57   4.292e-03
   28   58   4.612e-02
   28   59   1.031e-03
   28   60   2.422e-02
   28   61   2.545e-04
   28   62   2.162e-02
   28   63   3.052e-04
   28   64   1.560e-02
   28   65   1.394e-04
   28   66   2.071e-02
   28   67   5.519e-06
   28   68   1.221e-03
   28   69   5.068e-08
   28   70   2.662e-08
   28   71   3.917e-15
   28   72   1.867e-16
   29   57   9.283e-12
   29   58   4.053e-10
   29   59   2.356e-04
   29   60   1.745e-03
   29   61   2.969e-04
   29   62   1.127e-05
   29   63   3.475e-04
   29   64   3.867e-06
   29   65   1.170e-04
   29   66   6.922e-06
   29   67   2.148e-04
   29   68   2.909e-03
   29   69   1.556e-04
   29   70   1.560e-04
   29   71   4.319e-06
   29   72   1.275e-08
   29   73   2.010e-10
   29   74   1.016e-15
   29   75   6.647e-16
   29   76   2.940e-17
   29   77   3.087e-18
   30   60   3.484e-03
   30   61   5.127e-05
   30   62   3.031e-03
   30   63   8.652e-05
   30   64   4.565e-03
   30   65   4.781e-05
   30   66   3.046e-03
   30   67   4.221e-06
   30   68   8.136e-03
   30   69   7.448e-05
   30   70   5.002e-04
   30   71   8.575e-05
   30   72   4.818e-04
   30   73   1.339e-05
   30   74   1.164e-03
   30   75   1.537e-07
   30   76   6.978e-08
   30   77   2.809e-15
   30   78   3.515e-16
   30   79   4.771e-18
   31   61   2.663e-14
   31   62   4.313e-16
   31   63   1.510e-06
   31   64   8.367e-05
   31   65   3.230e-06
   31   66   1.953e-07
   31   67   6.994e-06
   31   68   1.896e-07
   31   69   1.119e-05
   31   70   3.746e-08
   31   71   3.572e-05
   31   72   1.988e-07
   31   73   1.709e-04
   31   74   1.110e-03
   31   75   8.750e-05
   31   76   3.951e-04
   31   77   2.824e-06
   31   78   1.067e-08
   31   79   6.454e-12
   31   80   9.538e-16
   31   81   7.758e-16
   31   82   7.579e-18
   32   64   7.238e-05
   32   65   4.602e-07
   32   66   2.082e-05
   32   67   8.956e-07
   32   68   1.101e-04
   32   69   1.225e-06
   32   70   1.717e-04
   32   71   7.357e-07
   32   72   7.434e-05
   32   73   6.152e-07
   32   74   1.077e-04
   32   75   5.587e-05
   32   76   2.910e-03
   32   77   3.600e-04
   32   78   3.462e-03
   32   79   4.304e-05
   32   80   7.923e-04
   32   81   3.773e-07
   32   82   1.188e-08
   32   83   1.012e-15
   32   84   2.583e-16
   32   85   4.425e-17
   33   65   1.063e-17
   33   67   6.281e-08
   33   68   9.630e-07
   33   69   4.646e-08
   33   70   4.248e-09
   33   71   5.720e-08
   33   72   4.368e-09
   33   73   7.394e-07
   33   74   2.243e-08
   33   75   1.295e-06
   33   76   9.083e-09
   33   77   8.850e-06
   33   78   4.400e-05
   33   79   1.050e-03
   33   80   7.281e-04
   33   81   2.870e-04
   33   82   1.814e-04
   33   83   1.492e-05
   33   84   2.481e-11
   33   85   2.410e-10
   33   86   8.952e-16
   33   87   1.897e-16
   33   88   1.580e-17
   33   89   2.063e-17
   33   90   1.313e-17
   33   91   6.249e-18
   34   68   3.078e-07
   34   69   6.629e-09
   34   70   1.123e-07
   34   71   1.130e-08
   34   72   1.089e-06
   34   73   2.810e-08
   34   74   5.208e-06
   34   75   3.296e-07
   34   76   1.816e-05
   34   77   1.912e-07
   34   78   1.394e-05
   34   79   1.012e-04
   34   80   6.108e-03
   34   81   1.420e-03
   34   82   6.179e-03
   34   83   1.725e-03
   34   84   5.255e-03
   34   85   6.164e-06
   34   86   3.745e-06
   34   87   3.487e-10
   34   88   7.825e-15
   34   89   9.656e-16
   34   90   5.751e-16
   34   91   7.200e-16
   34   92   1.994e-16
   34   93   5.566e-17
   34   94   2.702e-17
   35   71   6.403e-10
   35   72   2.175e-08
   35   73   1.783e-09
   35   74   3.242e-10
   35   75   1.265e-09
   35   76   1.301e-10
   35   77   9.267e-08
   35   78   1.071e-09
   35   79   6.048e-07
   35   80   2.184e-08
   35   81   5.682e-05
   35   82   1.549e-07
   35   83   1.048e-04
   35   84   2.145e-03
   35   85   4.089e-04
   35   86   1.325e-04
   35   87   1.167e-05
   35   88   4.449e-06
   35   89   2.289e-09
   35   90   2.216e-14
   35   91   5.491e-15
   35   92   2.225e-15
   35   93   1.476e-15
   35   94   6.809e-16
   35   95   1.320e-16
   35   96   3.063e-17
   35   97   1.088e-17
   36   72   1.479e-09
   36   73   2.720e-10
   36   74   3.304e-09
   36   75   1.030e-09
   36   76   1.566e-08
   36   77   1.496e-09
   36   78   1.955e-07
   36   79   2.478e-08
   36   80   1.488e-06
   36   81   6.324e-08
   36   82   4.259e-06
   36   83   6.398e-07
   36   84   8.589e-05
   36   85   1.948e-04
   36   86   3.731e-03
   36   87   2.982e-05
   36   88   2.768e-04
   36   89   2.072e-04
   36   90   9.535e-05
   36   91   2.782e-08
   36   92   4.527e-14
   36   93   1.673e-14
   36   94   2.894e-15
   36   95   8.051e-16
   36   96   5.331e-16
   36   97   2.089e-16
   36   98   1.194e-16
   36   99   1.392e-17
   36  100   3.511e-18
   37   75   4.831e-11
   37   76   7.064e-10
   37   77   1.121e-09
   37   78   7.782e-10
   37   79   2.548e-10
   37   80   1.153e-11
   37   81   2.615e-09
   37   82   4.320e-11
   37   83   1.463e-07
   37   84   2.449e-08
   37   85   6.323e-07
   37   86   2.233e-07
   37   87   2.291e-04
   37   88   2.651e-06
   37   89   9.993e-05
   37   90   4.912e-04
   37   91   2.915e-05
   37   92   9.013e-10
   37   93   8.946e-09
   37   94   7.903e-14
   37   95   1.143e-14
   37   96   3.263e-15
   37   97   1.871e-15
   37   98   7.381e-16
   37   99   3.143e-16
   37  100   1.718e-16
   37  101   7.588e-17
   37  102   3.348e-17
   37  103   7.354e-18
   38   76   2.840e-12
   38   77   1.682e-12
   38   78   1.545e-09
   38   79   4.455e-10
   38   80   1.222e-09
   38   81   4.392e-10
   38   82   1.234e-08
   38   83   2.742e-09
   38   84   1.146e-07
   38   85   4.054e-08
   38   86   1.499e-06
   38   87   1.426e-06
   38   88   2.348e-03
   38   89   6.989e-06
   38   90   1.822e-04
   38   91   5.936e-05
   38   92   3.024e-04
   38   93   2.100e-04
   38   94   1.371e-04
   38   95   5.436e-07
   38   96   5.210e-14
   38   97   1.276e-14
   38   98   1.661e-14
   38   99   4.101e-15
   38  100   2.778e-15
   38  101   1.067e-15
   38  102   9.323e-16
   38  103   3.917e-16
   38  104   1.816e-16
   38  105   6.021e-17
   38  106   1.115e-17
   39   79   8.095e-12
   39   80   1.544e-10
   39   81   2.921e-10
   39   82   3.229e-10
   39   83   7.100e-10
   39   84   2.169e-11
   39   85   2.853e-10
   39   86   2.222e-10
   39   87   1.244e-08
   39   88   3.594e-08
   39   89   1.535e-04
   39   90   1.193e-07
   39   91   9.806e-08
   39   92   2.009e-06
   39   93   3.265e-05
   39   94   1.921e-04
   39   95   1.694e-05
   39   96   7.091e-10
   39   97   1.491e-11
   39   98   2.392e-14
   39   99   4.327e-14
   39  100   1.998e-14
   39  101   1.017e-14
   39  102   8.599e-15
   39  103   4.624e-15
   39  104   2.498e-15
   39  105   1.044e-15
   39  106   3.547e-16
   39  107   1.295e-16
   39  108   2.678e-17
   39  109   9.412e-18
   40   80   4.564e-15
   40   81   1.217e-14
   40   82   9.258e-10
   40   83   2.122e-10
   40   84   5.315e-10
   40   85   7.701e-10
   40   86   2.903e-09
   40   87   5.273e-10
   40   88   3.566e-08
   40   89   8.360e-08
   40   90   2.909e-04
   40   91   8.768e-07
   40   92   9.812e-08
   40   93   3.157e-08
   40   94   6.990e-06
   40   95   1.729e-06
   40   96   4.351e-05
   40   97   5.471e-05
   40   98   2.751e-06
   40   99   8.458e-14
   40  100   1.128e-08
   40  101   9.819e-14
   40  102   1.775e-12
   40  103   3.853e-14
   40  104   5.641e-14
   40  105   1.559e-14
   40  106   7.215e-15
   40  107   2.014e-15
   40  108   9.397e-16
   40  109   3.370e-16
   40  110   1.088e-16
   40  111   2.442e-17
   40  112   8.644e-18
   41   83   1.512e-16
   41   84   8.914e-13
   41   85   4.187e-11
   41   86   3.231e-09
   41   87   1.332e-09
   41   88   7.004e-10
   41   89   1.019e-09
   41   90   1.305e-09
   41   91   1.574e-06
   41   92   5.032e-09
   41   93   5.217e-09
   41   94   2.306e-11
   41   95   1.801e-11
   41   96   6.148e-11
   41   97   1.166e-07
   41   98   2.825e-07
   41   99   1.018e-07
   41  100   3.022e-09
   41  101   1.546e-08
   41  102   9.988e-10
   41  103   6.359e-14
   41  104   2.269e-09
   41  105   3.045e-12
   41  106   4.583e-14
   41  107   3.693e-14
   41  108   6.684e-15
   41  109   2.548e-15
   41  110   9.506e-16
   41  111   4.108e-16
   41  112   1.091e-16
   41  113   5.413e-17
   41  114   5.717e-18
   42   85   1.339e-17
   42   86   1.877e-10
   42   87   3.283e-11
   42   88   4.783e-09
   42   89   1.255e-09
   42   90   2.180e-09
   42   91   9.126e-10
   42   92   1.836e-06
   42   93   5.107e-08
   42   94   2.260e-08
   42   95   1.654e-10
   42   96   6.501e-11
   42   97   1.388e-09
   42   98   2.012e-05
   42   99   5.737e-06
   42  100   5.941e-05
   42  101   5.368e-05
   42  102   2.057e-04
   42  103   6.434e-05
   42  104   1.159e-04
   42  105   4.127e-05
   42  106   3.526e-08
   42  107   7.768e-12
   42  108   2.319e-13
   42  109   1.974e-14
   42  110   1.417e-14
   42  111   3.524e-15
   42  112   2.523e-15
   42  113   5.205e-16
   42  114   2.986e-16
   42  115   8.451e-17
   42  116   3.707e-17
   42  117   2.892e-18
   43   88   1.542e-15
   43   89   1.232e-11
   43   90   2.364e-12
   43   91   9.076e-10
   43   92   3.884e-09
   43   93   4.117e-08
   43   94   1.023e-08
   43   95   7.569e-10
   43   96   1.696e-11
   43   97   4.223e-12
   43   98   1.594e-13
   43   99   1.226e-09
   43  100   2.829e-14
   43  101   3.582e-06
   43  102   1.614e-06
   43  103   5.441e-05
   43  104   2.006e-04
   43  105   1.868e-04
   43  106   8.765e-06
   43  107   4.446e-06
   43  108   1.339e-09
   43  109   1.385e-13
   43  110   4.779e-14
   43  111   3.402e-14
   43  112   1.769e-14
   43  113   8.439e-15
   43  114   1.442e-15
   43  115   8.800e-16
   43  116   2.072e-16
   43  117   1.539e-16
   43  118   1.668e-17
   43  119   4.471e-18
   44   90   6.904e-12
   44   91   3.976e-13
   44   92   1.219e-08
   44   93   9.524e-10
   44   94   3.961e-07
   44   95   2.243e-08
   44   96   1.649e-08
   44   97   2.072e-10
   44   98   5.445e-11
   44   99   1.201e-13
   44  100   1.067e-12
   44  101   1.346e-07
   44  102   1.774e-05
   44  103   4.996e-05
   44  104   6.988e-06
   44  105   1.822e-05
   44  106   3.401e-05
   44  107   6.445e-05
   44  108   8.213e-05
   44  109   8.472e-06
   44  110   1.133e-07
   44  111   1.392e-13
   44  112   2.911e-13
   44  113   5.304e-14
   44  114   7.549e-14
   44  115   7.320e-15
   44  116   5.581e-15
   44  117   6.073e-16
   44  118   4.236e-16
   44  119   7.081e-17
   44  120   3.277e-17
   45   92   1.014e-17
   45   93   2.313e-12
   45   94   4.039e-10
   45   95   4.229e-08
   45   96   2.351e-07
   45   97   8.653e-09
   45   98   7.316e-10
   45   99   7.733e-11
   45  100   2.776e-12
   45  101   8.310e-12
   45  102   5.633e-13
   45  103   4.066e-10
   45  104   7.283e-14
   45  105   3.013e-08
   45  106   2.209e-11
   45  107   1.463e-05
   45  108   5.170e-06
   45  109   2.871e-05
   45  110   3.953e-08
   45  111   1.071e-07
   45  112   1.457e-10
   45  113   4.936e-13
   45  114   1.211e-13
   45  115   1.205e-13
   45  116   4.098e-14
   45  117   5.915e-14
   45  118   9.376e-15
   45  119   6.927e-15
   45  120   4.201e-16
   45  121   1.756e-16
   45  122   1.827e-17
   45  123   9.463e-18
   46   94   2.085e-13
   46   95   9.916e-15
   46   96   3.356e-07
   46   97   1.896e-08
   46   98   1.212e-08
   46   99   1.404e-09
   46  100   1.732e-09
   46  101   4.676e-10
   46  102   3.951e-10
   46  103   1.723e-10
   46  104   1.326e-10
   46  105   5.176e-11
   46  106   1.190e-10
   46  107   3.209e-07
   46  108   1.574e-05
   46  109   1.999e-05
   46  110   2.539e-05
   46  111   2.631e-05
   46  112   2.981e-05
   46  113   2.596e-05
   46  114   5.013e-05
   46  115   3.416e-06
   46  116   8.942e-08
   46  117   5.090e-11
   46  118   4.568e-13
   46  119   3.819e-14
   46  120   5.786e-14
   46  121   5.545e-15
   46  122   6.511e-15
   46  123   3.849e-15
   46  124   1.016e-15
   46  125   1.674e-15
   46  126   1.636e-15
   46  127   1.184e-17
   47   96   2.054e-17
   47   97   2.342e-10
   47   98   7.227e-10
   47   99   1.323e-09
   47  100   6.822e-10
   47  101   1.045e-09
   47  102   1.039e-09
   47  103   1.830e-09
   47  104   1.199e-09
   47  105   2.317e-09
   47  106   5.484e-10
   47  107   6.449e-10
   47  108   8.938e-11
   47  109   1.217e-08
   47  110   7.371e-13
   47  111   1.060e-06
   47  112   2.437e-08
   47  113   2.583e-05
   47  114   1.642e-06
   47  115   4.116e-05
   47  116   1.510e-05
   47  117   1.452e-05
   47  118   1.615e-11
   47  119   3.140e-07
   47  120   9.954e-14
   47  121   2.138e-13
   47  122   5.670e-14
   47  123   4.904e-14
   47  124   1.657e-14
   47  125   1.251e-14
   47  126   5.978e-15
   47  127   4.158e-15
   47  128   2.049e-15
   47  129   1.786e-15
   48   98   7.307e-13
   48   99   2.071e-11
   48  100   2.724e-10
   48  101   8.684e-11
   48  102   1.834e-09
   48  103   1.743e-09
   48  104   1.136e-08
   48  105   5.018e-09
   48  106   1.237e-08
   48  107   1.055e-08
   48  108   8.282e-09
   48  109   6.318e-09
   48  110   3.165e-09
   48  111   1.523e-09
   48  112   1.717e-09
   48  113   4.995e-08
   48  114   2.712e-05
   48  115   1.669e-06
   48  116   4.018e-06
   48  117   1.985e-05
   48  118   2.839e-05
   48  119   5.445e-06
   48  120   3.175e-06
   48  121   9.619e-08
   48  122   8.901e-11
   48  123   3.171e-13
   48  124   3.777e-13
   48  125   1.550e-13
   48  126   1.924e-13
   48  127   4.870e-14
   48  128   3.572e-14
   48  129   3.137e-14
   48  130   1.427e-14
   48  131   3.804e-15
   48  132   1.308e-14
   48  133   1.887e-15
   48  134   2.803e-16
   49  100   1.540e-17
   49  101   3.844e-14
   49  102   2.096e-13
   49  103   1.965e-11
   49  104   8.655e-11
   49  105   1.054e-09
   49  106   1.547e-09
   49  107   1.161e-08
   49  108   1.310e-08
   49  109   2.845e-08
   49  110   1.073e-08
   49  111   2.781e-08
   49  112   3.755e-09
   49  113   8.378e-09
   49  114   1.132e-09
   49  115   3.071e-09
   49  116   4.448e-12
   49  117   8.415e-08
   49  118   4.709e-08
   49  119   1.595e-06
   49  120   2.049e-07
   49  121   1.293e-06
   49  122   3.549e-11
   49  123   4.031e-10
   49  124   9.212e-13
   49  125   7.118e-13
   49  126   6.163e-13
   49  127   5.648e-13
   49  128   3.193e-13
   49  129   2.405e-13
   49  130   5.644e-14
   49  131   4.518e-14
   49  132   3.296e-14
   49  133   1.909e-13
   49  134   5.049e-14
   49  135   1.009e-14
   49  136   1.262e-15
   49  137   4.545e-16
   50  103   1.325e-17
   50  104   6.097e-14
   50  105   1.884e-12
   50  106   9.944e-11
   50  107   5.057e-10
   50  108   9.685e-09
   50  109   8.832e-09
   50  110   4.566e-08
   50  111   2.200e-08
   50  112   7.023e-08
   50  113   2.012e-08
   50  114   3.870e-08
   50  115   7.416e-09
   50  116   6.998e-09
   50  117   5.134e-09
   50  118   5.519e-07
   50  119   3.512e-07
   50  120   8.165e-06
   50  121   9.193e-06
   50  122   6.823e-06
   50  123   4.636e-06
   50  124   3.481e-06
   50  125   2.500e-06
   50  126   1.945e-05
   50  127   7.986e-06
   50  128   3.725e-05
   50  129   1.962e-05
   50  130   1.217e-04
   50  131   3.718e-05
   50  132   1.372e-05
   50  133   4.709e-13
   50  134   3.485e-13
   50  135   2.364e-13
   50  136   1.032e-13
   50  137   9.594e-14
   50  138   1.103e-14
   50  139   5.086e-15
   50  140   1.650e-15
   50  141   3.300e-17
   50  142   1.059e-17
   51  108   1.061e-17
   51  109   2.045e-13
   51  110   4.970e-12
   51  111   5.001e-10
   51  112   4.365e-10
   51  113   7.086e-09
   51  114   5.572e-09
   51  115   4.314e-08
   51  116   9.235e-09
   51  117   1.505e-08
   51  118   1.268e-09
   51  119   5.596e-09
   51  120   5.987e-11
   51  121   4.992e-09
   51  122   3.014e-11
   51  123   1.170e-10
   51  124   2.626e-12
   51  125   2.821e-10
   51  126   5.836e-12
   51  127   7.114e-08
   51  128   7.151e-07
   51  129   1.278e-05
   51  130   4.261e-05
   51  131   8.380e-05
   51  132   4.663e-05
   51  133   7.983e-06
   51  134   7.565e-13
   51  135   1.027e-12
   51  136   4.749e-13
   51  137   4.775e-13
   51  138   5.665e-13
   51  139   4.619e-13
   51  140   3.788e-14
   51  141   1.912e-14
   51  142   5.273e-15
   51  143   2.195e-15
   51  144   4.070e-17
   51  145   7.872e-18
   52  118   2.854e-08
   52  119   5.490e-09
   52  120   1.043e-08
   52  121   2.796e-09
   52  122   5.900e-09
   52  123   3.020e-10
   52  124   4.086e-10
   52  125   8.475e-11
   52  126   9.095e-11
   52  127   1.422e-11
   52  128   8.270e-10
   52  129   3.026e-08
   52  130   6.628e-07
   52  131   2.515e-06
   52  132   1.367e-05
   52  133   4.691e-06
   52  134   3.415e-06
   52  135   1.123e-07
   52  136   3.908e-08
   52  137   1.904e-12
   52  138   9.780e-13
   52  139   2.550e-13
   52  140   1.672e-13
   52  141   7.650e-14
   52  142   6.849e-14
   52  143   2.706e-14
   52  144   2.148e-14
   52  145   5.726e-15
   52  146   2.185e-15
   52  147   3.104e-17
   52  148   8.605e-18
   53  119   1.406e-08
   53  120   3.124e-09
   53  121   2.068e-08
   53  122   1.075e-09
   53  123   2.753e-08
   53  124   6.410e-10
   53  125   3.940e-09
   53  126   2.245e-11
   53  127   1.011e-09
   53  128   1.512e-11
   53  129   6.216e-10
   53  130   2.808e-12
   53  131   4.424e-08
   53  132   1.377e-09
   53  133   2.381e-07
   53  134   8.990e-08
   53  135   2.971e-06
   53  136   7.357e-07
   53  137   1.839e-07
   53  138   9.534e-11
   53  139   3.600e-12
   53  140   9.404e-13
   53  141   4.747e-13
   53  142   2.295e-13
   53  143   1.367e-13
   53  144   8.900e-14
   53  145   1.134e-13
   53  146   4.465e-14
   53  147   2.607e-14
   53  148   6.237e-15
   53  149   2.075e-15
   53  150   1.911e-17
   53  151   4.541e-18
   54  122   4.106e-08
   54  123   8.902e-09
   54  124   4.810e-08
   54  125   1.146e-08
   54  126   2.285e-08
   54  127   2.773e-09
   54  128   1.657e-08
   54  129   2.219e-10
   54  130   2.630e-10
   54  131   7.732e-11
   54  132   1.010e-10
   54  133   1.026e-10
   54  134   1.232e-09
   54  135   6.228e-09
   54  136   5.907e-07
   54  137   1.455e-06
   54  138   5.556e-07
   54  139   5.111e-07
   54  140   1.210e-08
   54  141   1.664e-12
   54  142   1.474e-12
   54  143   8.219e-13
   54  144   7.050e-13
   54  145   2.008e-13
   54  146   2.614e-13
   54  147   1.296e-13
   54  148   9.767e-14
   54  149   4.437e-14
   54  150   1.587e-14
   54  151   3.944e-15
   54  152   9.834e-16
   54  153   1.135e-17
   55  123   8.968e-10
   55  124   3.587e-10
   55  125   1.879e-08
   55  126   4.358e-09
   55  127   2.198e-08
   55  128   1.827e-09
   55  129   3.385e-08
   55  130   7.117e-10
   55  131   5.799e-09
   55  132   4.871e-11
   55  133   4.380e-09
   55  134   8.902e-11
   55  135   6.446e-10
   55  136   2.099e-11
   55  137   3.118e-07
   55  138   3.995e-08
   55  139   1.832e-06
   55  140   5.248e-07
   55  141   8.803e-08
   55  142   2.592e-12
   55  143   3.262e-12
   55  144   1.901e-12
   55  145   8.178e-13
   55  146   7.072e-13
   55  147   5.435e-13
   55  148   3.475e-13
   55  149   3.614e-13
   55  150   1.584e-13
   55  151   9.537e-14
   55  152   3.676e-14
   55  153   1.183e-14
   55  154   2.688e-15
   55  155   1.850e-17
   56  128   2.282e-08
   56  129   5.339e-09
   56  130   3.097e-08
   56  131   2.429e-09
   56  132   1.038e-08
   56  133   3.867e-09
   56  134   1.049e-08
   56  135   3.928e-10
   56  136   7.254e-09
   56  137   2.435e-10
   56  138   4.027e-09
   56  139   1.392e-07
   56  140   6.524e-07
   56  141   9.892e-07
   56  142   9.519e-07
   56  143   1.538e-08
   56  144   3.939e-09
   56  145   7.459e-12
   56  146   4.900e-12
   56  147   1.625e-12
   56  148   1.635e-12
   56  149   6.314e-13
   56  150   6.217e-13
   56  151   3.594e-13
   56  152   2.432e-13
   56  153   9.574e-14
   56  154   4.512e-14
   56  155   1.462e-14
   56  156   3.728e-15
   56  157   1.230e-15
   56  158   4.394e-18
   57  129   2.683e-09
   57  130   1.172e-09
   57  131   1.340e-08
   57  132   1.616e-09
   57  133   1.265e-08
   57  134   6.282e-10
   57  135   2.044e-08
   57  136   3.369e-10
   57  137   1.976e-08
   57  138   1.471e-09
   57  139   2.414e-08
   57  140   1.968e-11
   57  141   4.231e-08
   57  142   1.009e-07
   57  143   1.040e-06
   57  144   2.594e-07
   57  145   7.249e-08
   57  146   9.272e-11
   57  147   8.691e-12
   57  148   3.316e-12
   57  149   2.311e-12
   57  150   2.010e-12
   57  151   1.413e-12
   57  152   6.653e-13
   57  153   6.337e-13
   57  154   2.894e-13
   57  155   1.374e-13
   57  156   7.431e-14
   57  157   2.412e-14
   57  158   7.582e-15
   57  159   2.512e-15
   57  160   7.110e-18
   58  134   6.399e-09
   58  135   3.823e-09
   58  136   2.476e-08
   58  137   2.686e-09
   58  138   3.988e-08
   58  139   4.498e-09
   58  140   3.469e-08
   58  141   8.150e-11
   58  142   6.238e-10
   58  143   6.544e-08
   58  144   6.747e-07
   58  145   5.799e-07
   58  146   5.808e-07
   58  147   2.205e-07
   58  148   2.693e-07
   58  149   2.282e-11
   58  150   1.147e-11
   58  151   4.057e-12
   58  152   3.317e-12
   58  153   1.734e-12
   58  154   1.365e-12
   58  155   8.212e-13
   58  156   3.356e-13
   58  157   2.322e-13
   58  158   8.711e-14
   58  159   3.147e-14
   58  160   1.340e-14
   58  161   3.422e-15
   58  162   1.719e-17
   59  135   8.726e-10
   59  136   6.178e-10
   59  137   8.531e-09
   59  138   3.402e-10
   59  139   2.803e-08
   59  140   1.580e-09
   59  141   1.308e-07
   59  142   1.795e-11
   59  143   1.649e-11
   59  144   9.560e-13
   59  145   1.547e-07
   59  146   4.232e-08
   59  147   4.113e-07
   59  148   4.394e-07
   59  149   3.492e-07
   59  150   2.383e-10
   59  151   4.825e-08
   59  152   8.689e-12
   59  153   1.113e-11
   59  154   4.473e-12
   59  155   2.312e-12
   59  156   1.028e-12
   59  157   6.084e-13
   59  158   3.353e-13
   59  159   1.471e-13
   59  160   8.127e-14
   59  161   3.815e-14
   59  162   1.109e-14
   59  163   4.686e-15
   59  164   1.207e-15
   60  140   1.739e-08
   60  141   2.870e-08
   60  142   1.314e-07
   60  143   2.266e-11
   60  144   3.146e-12
   60  145   1.928e-10
   60  146   9.085e-10
   60  147   1.965e-08
   60  148   1.417e-07
   60  149   1.932e-07
   60  150   9.866e-07
   60  151   1.172e-06
   60  152   9.517e-07
   60  153   2.000e-07
   60  154   1.438e-07
   60  155   2.036e-09
   60  156   3.912e-11
   60  157   4.016e-12
   60  158   2.351e-12
   60  159   1.041e-12
   60  160   3.780e-13
   60  161   1.519e-13
   60  162   1.219e-13
   60  163   4.261e-14
   60  164   1.903e-14
   60  165   5.493e-15
   60  166   2.634e-15
   61  143   6.968e-08
   61  144   1.276e-10
   61  145   2.831e-10
   61  146   6.775e-13
   61  147   2.714e-10
   61  148   4.410e-13
   61  149   1.053e-09
   61  150   3.396e-15
   61  151   7.919e-08
   61  152   7.938e-08
   61  153   9.896e-07
   61  154   1.102e-06
   61  155   4.581e-07
   61  156   2.829e-08
   61  157   8.143e-09
   61  158   2.908e-11
   61  159   1.765e-12
   61  160   1.369e-12
   61  161   7.779e-13
   61  162   2.906e-13
   61  163   3.742e-13
   61  164   8.774e-14
   61  165   4.754e-14
   61  166   1.452e-14
   61  167   1.011e-14
   61  168   2.477e-15
   62  142   5.940e-09
   62  143   4.414e-10
   62  144   4.247e-08
   62  145   2.527e-11
   62  146   4.701e-10
   62  147   7.376e-12
   62  148   9.135e-11
   62  149   2.189e-13
   62  150   8.894e-13
   62  151   2.196e-11
   62  152   1.091e-08
   62  153   1.365e-07
   62  154   3.459e-07
   62  155   1.215e-06
   62  156   2.571e-06
   62  157   1.878e-06
   62  158   2.149e-06
   62  159   1.057e-08
   62  160   4.042e-09
   62  161   1.800e-11
   62  162   2.263e-12
   62  163   6.317e-13
   62  164   1.352e-12
   62  165   2.523e-13
   62  166   1.251e-13
   62  167   2.491e-14
   62  168   2.513e-14
   62  169   6.810e-15
   62  170   3.849e-15
   63  143   8.460e-11
   63  144   3.018e-14
   63  145   2.749e-09
   63  146   4.620e-11
   63  147   6.436e-12
   63  148   9.302e-13
   63  149   4.622e-10
   63  150   3.212e-12
   63  151   9.998e-11
   63  152   3.729e-12
   63  153   5.712e-11
   63  154   6.588e-13
   63  155   3.340e-08
   63  156   3.795e-09
   63  157   2.240e-07
   63  158   4.477e-07
   63  159   1.953e-06
   63  160   5.109e-07
   63  161   2.094e-07
   63  162   9.976e-09
   63  163   1.140e-09
   63  164   8.753e-12
   63  165   1.287e-12
   63  166   3.261e-13
   63  167   4.321e-13
   63  168   7.319e-14
   63  169   1.506e-13
   63  170   2.014e-14
   63  171   1.609e-14
   63  172   3.757e-15
   63  173   9.571e-17
   64  152   8.504e-09
   64  153   8.365e-11
   64  154   3.273e-10
   64  155   1.127e-11
   64  156   2.970e-10
   64  157   1.257e-10
   64  158   5.341e-09
   64  159   9.859e-08
   64  160   1.557e-06
   64  161   1.501e-06
   64  162   2.381e-06
   64  163   1.074e-06
   64  164   6.597e-07
   64  165   6.125e-09
   64  166   1.989e-11
   64  167   7.233e-11
   64  168   1.208e-12
   64  169   1.343e-13
   64  170   4.409e-13
   64  171   6.072e-14
   64  172   4.599e-14
   64  173   9.202e-15
   64  174   5.093e-15
   64  175   6.908e-18
   65  153   2.620e-10
   65  154   7.435e-13
   65  155   3.656e-09
   65  156   6.015e-11
   65  157   5.003e-09
   65  158   4.428e-11
   65  159   2.558e-10
   65  160   3.787e-12
   65  161   3.158e-07
   65  162   2.518e-07
   65  163   1.359e-06
   65  164   1.499e-06
   65  165   1.244e-06
   65  166   2.245e-07
   65  167   1.131e-07
   65  168   9.194e-10
   65  169   5.652e-12
   65  170   3.224e-13
   65  171   6.355e-13
   65  172   8.022e-14
   65  173   2.095e-13
   65  174   5.117e-14
   65  175   8.029e-14
   65  176   4.594e-15
   65  177   1.870e-15
   65  178   9.470e-17
   65  179   8.051e-18
   66  154   9.230e-10
   66  155   7.204e-12
   66  156   9.739e-10
   66  157   8.279e-11
   66  158   4.031e-10
   66  159   3.155e-11
   66  160   2.670e-09
   66  161   7.130e-11
   66  162   1.666e-08
   66  163   4.059e-08
   66  164   3.477e-07
   66  165   6.492e-07
   66  166   2.090e-06
   66  167   1.811e-06
   66  168   1.052e-06
   66  169   2.884e-07
   66  170   1.069e-06
   66  171   1.623e-10
   66  172   6.956e-10
   66  173   1.462e-13
   66  174   6.673e-13
   66  175   1.246e-13
   66  176   2.112e-13
   66  177   1.037e-14
   66  178   5.776e-15
   66  179   1.494e-16
   66  180   3.662e-17
   67  155   2.384e-11
   67  156   1.692e-13
   67  157   4.468e-11
   67  158   8.332e-13
   67  159   3.473e-11
   67  160   1.398e-12
   67  161   2.734e-10
   67  162   3.683e-12
   67  163   1.241e-09
   67  164   2.409e-10
   67  165   3.773e-09
   67  166   3.134e-10
   67  167   2.299e-07
   67  168   1.024e-07
   67  169   9.186e-07
   67  170   1.312e-06
   67  171   5.542e-07
   67  172   1.534e-07
   67  173   1.542e-07
   67  174   2.106e-11
   67  175   3.543e-12
   67  176   1.564e-13
   67  177   7.077e-13
   67  178   6.765e-14
   67  179   1.083e-13
   67  180   7.739e-15
   67  181   5.939e-15
   67  182   9.749e-17
   67  183   6.214e-17
   68  160   5.342e-10
   68  161   7.930e-12
   68  162   1.628e-10
   68  163   6.853e-12
   68  164   5.007e-10
   68  165   2.117e-11
   68  166   1.785e-09
   68  167   5.742e-10
   68  168   1.846e-08
   68  169   1.356e-07
   68  170   3.296e-07
   68  171   1.054e-06
   68  172   1.223e-06
   68  173   1.004e-06
   68  174   1.087e-06
   68  175   5.142e-07
   68  176   9.832e-08
   68  177   8.221e-09
   68  178   1.748e-11
   68  179   5.978e-13
   68  180   1.237e-12
   68  181   6.425e-14
   68  182   9.266e-14
   68  183   1.108e-15
   68  184   1.062e-15
   68  185   5.802e-17
   68  186   3.649e-17
   69  161   6.705e-12
   69  162   8.415e-14
   69  163   8.295e-11
   69  164   2.009e-12
   69  165   1.316e-09
   69  166   6.965e-11
   69  167   2.754e-09
   69  168   8.096e-11
   69  169   2.627e-11
   69  170   7.078e-13
   69  171   1.384e-09
   69  172   2.829e-10
   69  173   6.751e-07
   69  174   3.631e-07
   69  175   6.644e-07
   69  176   6.476e-07
   69  177   4.590e-07
   69  178   9.767e-09
   69  179   5.060e-10
   69  180   1.929e-12
   69  181   5.386e-13
   69  182   1.622e-13
   69  183   2.735e-13
   69  184   2.563e-14
   69  185   1.060e-13
   69  186   8.893e-15
   69  187   3.270e-14
   69  188   9.557e-16
   69  189   1.072e-15
   69  190   5.671e-17
   69  191   4.248e-17
   70  166   3.535e-10
   70  167   6.525e-12
   70  168   1.990e-09
   70  169   7.685e-11
   70  170   1.880e-10
   70  171   2.648e-12
   70  172   2.039e-13
   70  173   6.526e-10
   70  174   3.840e-08
   70  175   2.706e-08
   70  176   3.030e-07
   70  177   6.646e-07
   70  178   9.105e-07
   70  179   8.690e-07
   70  180   4.947e-07
   70  181   1.111e-07
   70  182   4.117e-09
   70  183   1.329e-11
   70  184   2.952e-12
   70  185   7.380e-14
   70  186   6.066e-13
   70  187   1.082e-13
   70  188   3.383e-13
   70  189   8.051e-15
   70  190   1.947e-14
   70  191   5.782e-16
   70  192   7.170e-16
   71  167   1.153e-11
   71  168   1.500e-12
   71  169   3.861e-11
   71  170   6.798e-13
   71  171   3.119e-09
   71  172   8.112e-11
   71  173   2.612e-09
   71  174   1.874e-11
   71  175   7.974e-12
   71  176   9.654e-15
   71  177   3.227e-09
   71  178   1.011e-08
   71  179   1.076e-07
   71  180   2.392e-07
   71  181   3.321e-07
   71  182   2.879e-07
   71  183   1.314e-07
   71  184   1.186e-08
   71  185   6.549e-10
   71  186   3.838e-12
   71  187   4.748e-13
   71  188   1.353e-13
   71  189   5.070e-13
   71  190   1.840e-14
   71  191   1.798e-13
   71  192   2.870e-14
   71  193   9.618e-14
   71  194   1.135e-14
   71  195   9.625e-15
   71  196   9.618e-15
   71  197   7.680e-15
   72  174   2.959e-09
   72  175   1.295e-10
   72  176   8.234e-10
   72  177   2.104e-11
   72  178   1.800e-10
   72  179   1.979e-10
   72  180   2.480e-08
   72  181   6.952e-08
   72  182   1.561e-07
   72  183   2.315e-07
   72  184   2.522e-07
   72  185   1.587e-07
   72  186   3.125e-07
   72  187   4.018e-11
   72  188   2.020e-07
   72  189   1.201e-09
   72  190   8.260e-10
   72  191   8.003e-14
   72  192   6.435e-13
   72  193   5.383e-14
   72  194   4.455e-13
   72  195   2.593e-14
   72  196   2.453e-14
   72  197   1.913e-14
   72  198   4.420e-15
   73  175   1.373e-09
   73  176   3.769e-11
   73  177   5.481e-09
   73  178   7.144e-11
   73  179   1.826e-09
   73  180   1.743e-10
   73  181   4.271e-11
   73  182   9.137e-14
   73  183   2.325e-09
   73  184   7.913e-10
   73  185   4.707e-08
   73  186   1.374e-07
   73  187   5.169e-07
   73  188   1.469e-07
   73  189   8.270e-09
   73  190   1.171e-09
   73  191   1.073e-08
   73  192   2.518e-13
   73  193   8.039e-12
   73  194   7.163e-14
   73  195   5.227e-13
   73  196   1.346e-13
   73  197   8.092e-14
   73  198   2.647e-14
   73  199   7.682e-14
   73  200   9.416e-18
   74  178   3.813e-09
   74  179   3.721e-10
   74  180   1.487e-09
   74  181   3.568e-11
   74  182   6.326e-12
   74  183   1.579e-13
   74  184   6.730e-13
   74  185   4.946e-10
   74  186   7.324e-09
   74  187   2.599e-07
   74  188   5.904e-07
   74  189   7.136e-07
   74  190   6.771e-07
   74  191   6.899e-07
   74  192   1.436e-06
   74  193   5.950e-08
   74  194   3.133e-07
   74  195   2.877e-10
   74  196   3.497e-11
   74  197   2.921e-14
   74  198   2.698e-13
   74  199   2.144e-13
   74  200   3.585e-13
   74  201   9.693e-17
   75  179   8.857e-11
   75  180   3.478e-12
   75  181   3.528e-09
   75  182   1.572e-10
   75  183   1.362e-09
   75  184   1.761e-11
   75  185   7.478e-13
   75  186   1.132e-14
   75  187   9.551e-11
   75  188   3.129e-12
   75  189   5.402e-08
   75  190   1.715e-08
   75  191   7.189e-07
   75  192   1.865e-07
   75  193   4.043e-06
   75  194   7.865e-07
   75  195   3.773e-09
   75  196   6.947e-11
   75  197   1.439e-07
   75  198   3.056e-13
   75  199   1.126e-09
   75  200   3.524e-12
   75  201   2.267e-12
   75  202   3.979e-15
   75  203   8.601e-16
   76  182   1.677e-10
   76  183   3.814e-11
   76  184   5.039e-10
   76  185   2.758e-11
   76  186   1.194e-09
   76  187   8.403e-12
   76  188   9.798e-13
   76  189   1.646e-11
   76  190   2.722e-09
   76  191   3.967e-08
   76  192   6.464e-07
   76  193   6.621e-07
   76  194   4.745e-06
   76  195   7.575e-06
   76  196   1.017e-05
   76  197   8.933e-06
   76  198   4.487e-06
   76  199   4.884e-09
   76  200   1.663e-09
   76  201   1.784e-08
   76  202   2.455e-12
   76  203   5.395e-15
   76  204   1.873e-15
   77  183   7.748e-12
   77  184   9.503e-13
   77  185   5.572e-10
   77  186   2.405e-11
   77  187   5.414e-10
   77  188   9.159e-12
   77  189   4.093e-10
   77  190   2.546e-12
   77  191   3.207e-12
   77  192   2.914e-14
   77  193   1.719e-10
   77  194   8.885e-13
   77  195   7.932e-07
   77  196   1.711e-07
   77  197   2.935e-06
   77  198   6.957e-07
   77  199   3.319e-08
   77  200   1.094e-07
   77  201   8.370e-07
   77  202   2.950e-09
   77  203   1.564e-11
   77  204   3.409e-14
   77  205   6.180e-14
   77  206   4.673e-16
   77  207   2.764e-16
   77  208   6.286e-18
   78  190   1.589e-10
   78  191   8.487e-12
   78  192   4.640e-10
   78  193   1.237e-11
   78  194   7.984e-12
   78  195   2.578e-09
   78  196   1.191e-07
   78  197   2.594e-07
   78  198   7.505e-06
   78  199   1.806e-05
   78  200   1.183e-05
   78  201   3.039e-06
   78  202   6.890e-07
   78  203   1.126e-09
   78  204   1.042e-09
   78  205   1.183e-13
   78  206   4.692e-13
   78  207   1.202e-15
   78  208   1.241e-15
   78  209   6.661e-18
   79  191   6.619e-12
   79  192   1.507e-13
   79  193   9.735e-11
   79  194   1.335e-12
   79  195   2.315e-10
   79  196   1.981e-12
   79  197   1.007e-10
   79  198   1.921e-13
   79  199   4.811e-07
   79  200   1.223e-08
   79  201   8.135e-07
   79  202   1.196e-10
   79  203   1.215e-07
   79  204   9.928e-08
   79  205   3.214e-08
   79  206   3.988e-13
   79  207   1.053e-11
   79  208   4.724e-14
   79  209   2.354e-13
   79  210   1.994e-14
   79  211   8.780e-15
   79  212   2.128e-16
   79  213   7.939e-17
   80  194   7.105e-11
   80  195   3.224e-14
   80  196   3.125e-11
   80  197   7.240e-12
   80  198   9.179e-11
   80  199   5.212e-11
   80  200   1.111e-10
   80  201   1.263e-08
   80  202   1.610e-10
   80  203   1.622e-07
   80  204   2.856e-07
   80  205   1.761e-07
   80  206   1.517e-07
   80  207   1.492e-07
   80  208   1.881e-07
   80  209   2.686e-08
   80  210   2.423e-12
   80  211   1.146e-13
   80  212   1.021e-13
   80  213   5.195e-16
   80  214   1.126e-15
   80  215   1.350e-17
   81  195   7.099e-13
   81  196   9.809e-14
   81  197   7.998e-12
   81  198   1.609e-12
   81  199   2.767e-11
   81  200   2.823e-12
   81  201   4.806e-12
   81  202   1.819e-13
   81  203   2.021e-12
   81  204   1.114e-13
   81  205   2.700e-08
   81  206   1.817e-08
   81  207   6.443e-08
   81  208   4.346e-09
   81  209   1.106e-07
   81  210   1.365e-07
   81  211   8.691e-10
   81  212   1.239e-12
   81  213   1.793e-07
   81  214   8.699e-13
   81  215   5.912e-13
   81  216   3.177e-14
   81  217   1.218e-14
   81  218   1.032e-15
   81  219   1.766e-16
   81  220   9.568e-18
   82  199   9.883e-13
   82  200   1.536e-13
   82  201   3.532e-14
   82  202   1.121e-12
   82  203   1.130e-13
   82  204   1.258e-12
   82  205   1.977e-14
   82  206   2.537e-09
   82  207   8.929e-09
   82  208   7.129e-09
   82  209   4.443e-08
   82  210   1.739e-07
   82  211   1.816e-07
   82  212   2.854e-07
   82  213   2.210e-07
   82  214   3.338e-07
   82  215   1.810e-07
   82  216   2.726e-07
   82  217   4.897e-09
   82  218   1.534e-09
   82  219   2.216e-09
   82  220   2.992e-12
   82  221   3.460e-10
   82  222   1.708e-13
   82  223   9.794e-15
   82  224   6.056e-15
   82  225   7.828e-16
   82  226   6.906e-17
   83  200   8.308e-16
   83  201   4.966e-17
   83  202   1.287e-17
   83  203   7.698e-16
   83  204   1.699e-16
   83  205   1.668e-15
   83  206   1.852e-16
   83  207   1.785e-15
   83  208   8.262e-17
   83  209   1.091e-10
   83  210   3.080e-14
   83  211   3.665e-09
   83  212   4.691e-10
   83  213   1.336e-08
   83  214   1.250e-08
   83  215   9.564e-08
   83  216   1.116e-08
   83  217   1.001e-07
   83  218   5.901e-08
   83  219   4.761e-08
   83  220   8.195e-09
   83  221   2.378e-10
   83  222   1.143e-12
   83  223   1.670e-12
   83  224   1.326e-13
   83  225   3.204e-13
   83  226   1.409e-13
   83  227   1.554e-13
   83  228   8.475e-15
   83  229   1.475e-14
   83  230   5.576e-15
   83  231   2.536e-15
   83  232   1.189e-16
   83  233   2.498e-17
   84  211   4.104e-14
   84  213   1.774e-17
   84  214   1.723e-15
   84  215   3.775e-13
   84  216   1.947e-11
   84  217   1.577e-09
   84  218   1.814e-07
   84  219   1.411e-07
   84  220   2.992e-07
   84  221   1.718e-07
   84  222   2.999e-07
   84  223   2.410e-09
   84  224   1.309e-10
   84  225   8.933e-13
   84  226   5.652e-13
   84  227   4.593e-13
   84  228   4.383e-13
   84  229   2.793e-14
   84  230   8.285e-14
   84  231   1.251e-14
   84  232   9.552e-15
   84  233   2.994e-16
   84  234   8.846e-17
   85  217   3.066e-14
   85  218   2.904e-13
   85  219   4.879e-09
   85  220   3.408e-08
   85  221   8.930e-08
   85  222   2.093e-08
   85  223   1.245e-07
   85  224   1.287e-07
   85  225   6.935e-08
   85  226   8.260e-10
   85  227   1.474e-10
   85  228   3.769e-12
   85  229   6.418e-13
   85  230   6.968e-14
   85  231   2.788e-13
   85  232   6.750e-14
   85  233   3.090e-13
   85  234   3.281e-14
   85  235   3.515e-14
   85  236   1.942e-14
   85  237   2.026e-14
   85  238   4.397e-15
   85  239   2.171e-15
   85  240   1.450e-16
   85  241   2.280e-17
   86  218   6.824e-18
   86  219   9.475e-12
   86  220   2.944e-09
   86  221   2.260e-08
   86  222   1.527e-08
   86  223   2.065e-07
   86  224   1.419e-07
   86  225   5.402e-07
   86  226   4.792e-07
   86  227   5.890e-08
   86  228   2.290e-07
   86  229   5.405e-09
   86  230   9.779e-11
   86  231   2.886e-13
   86  232   1.085e-12
   86  233   2.169e-13
   86  234   6.423e-13
   86  235   4.646e-14
   86  236   1.565e-13
   86  237   1.497e-14
   86  238   2.906e-14
   86  239   4.233e-15
   86  240   2.885e-15
   86  241   1.655e-16
   86  242   2.422e-17
   87  221   2.547e-10
   87  222   3.503e-15
   87  223   4.598e-09
   87  224   6.789e-10
   87  225   7.951e-08
   87  226   3.683e-08
   87  227   5.527e-07
   87  228   1.527e-07
   87  229   2.706e-07
   87  230   2.158e-08
   87  231   2.545e-08
   87  232   5.943e-11
   87  233   1.291e-09
   87  234   6.060e-13
   87  235   6.380e-13
   87  236   1.109e-13
   87  237   1.967e-13
   87  238   5.452e-14
   87  239   3.497e-13
   87  240   4.978e-14
   87  241   8.542e-14
   87  242   1.173e-14
   87  243   8.802e-15
   87  244   6.245e-16
   87  245   1.108e-16
   87  246   1.818e-17
   88  222   5.614e-17
   88  223   7.577e-11
   88  224   7.865e-11
   88  225   9.036e-09
   88  226   2.673e-08
   88  227   1.737e-07
   88  228   1.995e-07
   88  229   4.000e-07
   88  230   3.329e-07
   88  231   4.432e-07
   88  232   4.743e-07
   88  233   1.739e-07
   88  234   8.777e-08
   88  235   6.392e-09
   88  236   7.148e-11
   88  237   9.459e-13
   88  238   3.854e-13
   88  239   8.603e-14
   88  240   4.038e-13
   88  241   1.097e-13
   88  242   2.927e-13
   88  243   6.439e-14
   88  244   2.409e-14
   88  245   1.778e-15
   88  246   4.154e-16
   88  247   2.596e-17
   89  225   1.345e-13
   89  227   1.778e-09
   89  228   5.661e-14
   89  229   5.693e-08
   89  230   2.108e-09
   89  231   2.275e-07
   89  232   9.277e-08
   89  233   6.423e-07
   89  234   2.400e-07
   89  235   3.237e-07
   89  236   2.311e-08
   89  237   1.645e-08
   89  238   3.139e-10
   89  239   5.199e-11
   89  240   2.691e-13
   89  241   1.519e-12
   89  242   1.583e-13
   89  243   4.168e-13
   89  244   1.053e-13
   89  245   2.436e-13
   89  246   4.281e-14
   89  247   5.005e-14
   89  248   3.527e-15
   89  249   8.035e-16
   89  250   2.234e-17
   89  251   6.474e-18
   90  227   4.744e-17
   90  228   5.712e-17
   90  229   3.345e-10
   90  230   4.576e-10
   90  231   1.462e-08
   90  232   2.600e-08
   90  233   1.801e-07
   90  234   3.300e-07
   90  235   3.879e-07
   90  236   5.024e-07
   90  237   8.277e-07
   90  238   3.533e-07
   90  239   1.590e-07
   90  240   5.457e-08
   90  241   3.777e-09
   90  242   2.634e-08
   90  243   4.527e-11
   90  244   1.037e-12
   90  245   7.820e-13
   90  246   7.022e-13
   90  247   1.774e-13
   90  248   2.367e-13
   90  249   6.117e-14
   90  250   2.071e-14
   90  251   7.068e-16
   90  252   2.262e-16
   90  253   1.571e-17
   91  231   3.181e-12
   91  232   8.557e-17
   91  233   3.353e-09
   91  234   4.669e-12
   91  235   2.901e-08
   91  236   9.508e-09
   91  237   1.467e-07
   91  238   2.974e-08
   91  239   2.666e-07
   91  240   1.060e-07
   91  241   2.220e-07
   91  242   1.306e-08
   91  243   5.193e-08
   91  244   3.409e-10
   91  245   3.262e-12
   91  246   1.285e-12
   91  247   3.843e-13
   91  248   1.406e-13
   91  249   4.480e-13
   91  250   1.102e-13
   91  251   1.919e-13
   91  252   2.139e-14
   91  253   2.598e-14
   91  254   7.264e-15
   91  255   4.619e-15
   91  256   8.354e-16
   91  257   1.572e-16
   91  258   2.369e-17
   92  233   2.571e-14
   92  234   3.884e-15
   92  235   4.270e-10
   92  236   4.496e-10
   92  237   7.949e-09
   92  238   7.033e-09
   92  239   1.443e-09
   92  240   1.295e-07
   92  241   2.791e-07
   92  242   2.980e-07
   92  243   1.377e-07
   92  244   1.815e-07
   92  245   8.847e-08
   92  246   1.817e-09
   92  247   9.646e-11
   92  248   2.846e-12
   92  249   2.138e-12
   92  250   7.921e-13
   92  251   6.391e-13
   92  252   5.158e-13
   92  253   6.754e-14
   92  254   1.152e-13
   92  255   1.276e-14
   92  256   1.451e-15
   92  259   8.114e-18
   93  237   2.699e-13
   93  238   1.212e-17
   93  239   2.360e-11
   93  240   7.089e-11
   93  241   5.932e-09
   93  242   1.001e-08
   93  243   1.374e-07
   93  244   1.083e-07
   93  245   1.971e-07
   93  246   9.376e-09
   93  247   1.237e-08
   93  248   1.958e-11
   93  249   1.789e-12
   93  250   9.785e-13
   93  251   2.570e-13
   93  252   1.762e-13
   93  253   2.373e-13
   93  254   5.879e-14
   93  255   1.266e-13
   93  256   2.688e-14
   93  257   3.935e-14
   93  258   6.589e-15
   94  239   2.013e-15
   94  240   3.744e-13
   94  241   1.511e-10
   94  242   1.924e-09
   94  243   3.659e-08
   94  244   2.683e-08
   94  245   1.832e-07
   94  246   3.364e-07
   94  247   2.790e-07
   94  248   2.334e-07
   94  249   2.672e-07
   94  250   2.000e-08
   94  251   5.068e-09
   94  252   3.819e-09
   94  253   8.957e-10
   94  254   7.621e-13
   94  255   1.358e-13
   94  256   1.044e-13
   94  257   1.490e-14
   94  258   2.240e-14
   94  259   3.399e-15
   94  260   1.450e-15
   94  261   7.591e-16
   94  262   6.159e-16
   94  263   9.616e-17
   94  264   4.898e-17
   94  265   1.006e-17
   95  243   4.106e-11
   95  244   3.762e-15
   95  245   1.278e-10
   95  246   1.486e-11
   95  247   6.036e-11
   95  248   3.593e-08
   95  249   8.959e-08
