#   Z    A  M_ej/M_sun
    0    1   3.909e-16
    1    1   4.276e-02
    1    2   1.042e-13
    1    3   5.358e-17
    2    3   4.089e-13
    2    4   3.852e-01
    3    6   1.520e-16
    3    7   1.870e-15
    4    7   2.196e-12
    5    8   1.234e-16
    5   10   9.106e-16
    5   11   1.590e-13
    6   10   4.010e-17
    6   11   3.367e-12
    6   12   3.240e-01
    6   13   7.004e-10
    6   14   3.635e-10
    6   16   1.814e-09
    7   13   5.031e-09
    7   14   1.390e-07
    7   15   1.002e-07
    7   16   1.913e-10
    7   17   4.270e-12
    8   14   3.888e-09
    8   15   2.011e-07
    8   16   1.298e+00
    8   17   2.183e-08
    8   18   2.520e-10
    8   19   4.899e-13
    8   20   1.694e-13
    8   21   6.682e-16
    9   17   2.351e-08
    9   18   5.108e-10
    9   19   1.006e-10
    9   20   4.924e-13
    9   21   3.783e-14
    9   22   6.546e-17
   10   18   7.564e-13
   10   19   4.043e-12
   10   20   7.225e-02
   10   21   2.776e-07
   10   22   4.679e-09
   10   23   2.666e-11
   10   24   1.235e-09
   11   19   1.409e-18
   11   20   7.414e-15
   11   21   2.167e-08
   11   22   1.736e-07
   11   23   4.480e-06
   11   24   5.294e-10
   11   25   1.930e-10
   12   21   1.828e-15
   12   22   9.770e-12
   12   23   5.040e-08
   12   24   1.976e-02
   12   25   6.377e-07
   12   26   1.327e-07
   12   27   2.549e-09
   12   28   5.341e-10
   13   24   7.813e-13
   13   25   6.727e-10
   13   26   1.234e-06
   13   27   1.833e-05
   13   28   1.338e-10
   13   29   6.089e-10
   13   30   1.613e-16
   14   25   4.818e-13
   14   26   7.220e-12
   14   27   2.579e-10
   14   28   9.192e-02
   14   29   2.352e-05
   14   30   8.031e-06
   14   31   5.411e-10
   14   32   1.491e-09
   14   33   1.370e-13
   14   34   2.032e-17
   15   27   1.373e-13
   15   28   5.854e-13
   15   29   2.894e-10
   15   30   1.755e-05
   15   31   2.284e-05
   15   32   3.318e-11
   15   33   2.900e-09
   15   34   4.316e-11
   15   35   5.928e-10
   15   36   8.093e-14
   16   28   1.563e-18
   16   29   5.643e-13
   16   30   8.128e-12
   16   31   1.082e-10
   16   32   4.464e-02
   16   33   9.722e-06
   16   34   1.512e-05
   16   35   2.730e-09
   16   36   9.516e-09
   16   37   1.595e-08
   16   38   2.427e-08
   16   39   3.065e-10
   16   40   5.522e-11
   16   41   5.663e-18
   17   31   4.428e-18
   17   32   4.861e-13
   17   33   3.825e-11
   17   34   2.369e-11
   17   35   2.340e-05
   17   36   1.087e-10
   17   37   4.625e-09
   17   38   1.115e-09
   17   39   7.964e-08
   17   40   4.186e-08
   17   41   3.795e-07
   17   42   3.463e-10
   17   43   1.507e-14
   18   33   1.847e-14
   18   34   7.996e-12
   18   35   2.794e-11
   18   36   8.653e-03
   18   37   1.497e-05
   18   38   2.490e-06
   18   39   1.926e-09
   18   40   4.904e-08
   18   41   1.693e-06
   18   42   2.848e-06
   18   43   9.048e-07
   18   44   1.265e-06
   18   45   2.416e-07
   18   46   2.065e-09
   19   36   1.024e-13
   19   37   8.298e-11
   19   38   1.500e-05
   19   39   3.722e-05
   19   40   4.111e-10
   19   41   1.128e-08
   19   42   1.030e-10
   19   43   2.040e-07
   19   44   1.333e-07
   19   45   4.724e-06
   19   46   2.165e-06
   19   47   4.188e-08
   19   48   2.602e-09
   19   49   1.395e-08
   20   37   7.388e-14
   20   38   2.196e-12
   20   39   2.523e-11
   20   40   1.080e-02
   20   41   1.222e-05
   20   42   1.144e-05
   20   43   8.177e-08
   20   44   5.831e-09
   20   45   2.271e-07
   20   46   1.649e-06
   20   47   1.702e-06
   20   48   6.436e-05
   20   49   1.455e-05
   20   50   7.078e-08
   20   51   2.970e-08
   20   52   1.937e-11
   21   40   2.960e-16
   21   41   6.824e-09
   21   42   8.746e-09
   21   43   1.882e-05
   21   44   3.892e-09
   21   45   1.849e-07
   21   46   5.213e-11
   21   47   4.802e-10
   21   48   5.096e-10
   21   49   5.990e-06
   21   50   4.489e-06
   21   51   3.400e-07
   21   52   7.152e-09
   21   53   6.766e-16
   22   40   5.250e-14
   22   42   7.942e-11
   22   43   8.551e-10
   22   44   1.808e-04
   22   45   3.051e-05
   22   46   2.989e-05
   22   47   2.148e-06
   22   48   7.486e-09
   22   49   1.032e-07
   22   50   7.047e-05
   22   51   1.615e-05
   22   52   1.150e-05
   22   53   5.047e-07
   22   54   9.315e-17
   23   43   8.125e-18
   23   44   7.429e-12
   23   45   4.039e-09
   23   46   2.608e-09
   23   47   6.791e-05
   23   48   3.676e-07
   23   49   7.616e-07
   23   50   5.020e-10
   23   51   2.989e-06
   23   52   8.607e-06
   23   53   3.979e-06
   23   54   3.013e-06
   23   55   7.703e-11
   24   45   3.648e-14
   24   46   3.503e-12
   24   47   7.576e-11
   24   48   4.179e-04
   24   49   2.921e-05
   24   50   3.455e-05
   24   51   2.025e-06
   24   52   2.682e-06
   24   53   3.838e-06
   24   54   3.546e-04
   24   55   1.556e-06
   24   56   3.019e-05
   24   57   3.918e-07
   24   58   9.969e-10
   25   46   4.590e-18
   25   48   7.756e-14
   25   49   5.589e-10
   25   50   2.485e-10
   25   51   8.659e-05
   25   52   4.992e-06
   25   53   4.745e-06
   25   54   1.781e-08
   25   55   1.160e-05
   25   56   6.930e-06
   25   57   9.803e-06
   25   58   7.476e-10
   25   59   3.820e-12
   26   49   2.067e-16
   26   50   7.421e-13
   26   51   9.312e-13
   26   52   2.430e-03
   26   53   3.784e-05
   26   54   4.998e-05
   26   55   5.663e-07
   26   56   1.144e-04
   26   57   1.748e-05
   26   58   2.044e-03
   26   59   1.124e-05
   26   60   4.250e-04
   26   61   3.887e-06
   26   62   4.828e-06
   26   63   1.948e-10
   26   64   8.688e-17
   27   52   1.425e-17
   27   53   2.271e-11
   27   54   1.367e-11
   27   55   9.381e-05
   27   56   1.264e-04
   27   57   1.491e-05
   27   58   2.977e-07
   27   59   2.635e-05
   27   60   9.642e-07
   27   61   6.580e-05
   27   62   5.575e-06
   27   63   1.880e-06
   27   64   1.886e-17
   28   54   2.801e-15
   28   55   3.738e-15
   28   56   1.084e+00
   28   57   2.280e-02
   28   58   5.773e-02
   28   59   1.303e-03
   28   60   1.484e-02
   28   61   1.818e-04
   28   62   1.470e-02
   28   63   7.707e-05
   28   64   6.493e-03
   28   65   1.128e-05
   28   66   1.553e-03
   28   67   4.877e-07
   28   68   6.538e-06
   28   69   4.776e-08
   28   70   4.187e-10
   28   71   1.952e-15
   29   57   1.065e-07
   29   58   1.162e-07
   29   59   7.341e-04
   29   60   8.515e-03
   29   61   2.687e-04
   29   62   9.882e-06
   29   63   2.785e-04
   29   64   3.707e-06
   29   65   1.011e-04
   29   66   8.512e-07
   29   67   3.633e-05
   29   68   1.571e-05
   29   69   1.396e-05
   29   70   2.760e-06
   29   71   1.587e-07
   29   72   2.449e-09
   29   73   2.588e-12
   30   58   5.542e-12
   30   59   5.772e-12
   30   60   1.677e-02
   30   61   1.445e-04
   30   62   3.550e-03
   30   63   7.987e-05
   30   64   2.541e-03
   30   65   4.120e-05
   30   66   3.095e-03
   30   67   4.347e-06
   30   68   3.183e-04
   30   69   5.965e-06
   30   70   2.840e-05
   30   71   2.912e-06
   30   72   3.121e-05
   30   73   2.014e-07
   30   74   1.629e-05
   30   75   1.599e-08
   30   76   3.341e-10
   30   77   4.547e-16
   31   61   1.444e-11
   31   62   2.569e-11
   31   63   6.896e-06
   31   64   3.077e-04
   31   65   9.732e-06
   31   66   2.522e-07
   31   67   5.567e-06
   31   68   2.309e-07
   31   69   1.340e-05
   31   70   4.229e-08
   31   71   2.428e-06
   31   72   1.462e-08
   31   73   3.315e-06
   31   74   1.500e-05
   31   75   6.079e-06
   31   76   2.018e-06
   31   77   2.458e-07
   31   78   3.632e-10
   31   79   3.613e-13
   31   80   7.706e-18
   32   62   2.665e-17
   32   63   3.964e-16
   32   64   2.688e-04
   32   65   2.496e-06
   32   66   3.089e-05
   32   67   1.846e-06
   32   68   5.298e-05
   32   69   9.622e-07
   32   70   1.923e-04
   32   71   1.037e-06
   32   72   9.080e-05
   32   73   1.532e-07
   32   74   1.854e-05
   32   75   3.735e-06
   32   76   1.414e-04
   32   77   2.764e-05
   32   78   2.144e-04
   32   79   2.314e-06
   32   80   5.883e-06
   32   81   1.064e-08
   32   82   6.827e-11
   32   83   7.969e-18
   33   65   1.470e-15
   33   66   5.867e-13
   33   67   5.653e-07
   33   68   7.622e-06
   33   69   3.194e-07
   33   70   7.427e-09
   33   71   4.428e-08
   33   72   4.381e-09
   33   73   1.216e-06
   33   74   3.186e-08
   33   75   7.800e-07
   33   76   8.585e-09
   33   77   9.555e-06
   33   78   2.837e-06
   33   79   6.112e-05
   33   80   5.389e-06
   33   81   9.464e-06
   33   82   1.094e-06
   33   83   1.038e-07
   33   84   2.399e-12
   33   85   2.482e-11
   33   86   4.300e-18
   34   67   2.473e-18
   34   68   2.726e-06
   34   69   8.433e-08
   34   70   3.055e-07
   34   71   7.240e-08
   34   72   5.425e-07
   34   73   1.859e-08
   34   74   5.317e-06
   34   75   4.798e-07
   34   76   3.004e-05
   34   77   2.521e-07
   34   78   1.517e-05
   34   79   6.456e-06
   34   80   1.508e-04
   34   81   5.030e-05
   34   82   3.569e-04
   34   83   1.334e-05
   34   84   1.581e-04
   34   85   6.670e-07
   34   86   1.994e-07
   34   87   9.333e-11
   34   88   9.386e-17
   34   89   7.648e-18
   35   70   1.412e-14
   35   71   1.092e-08
   35   72   1.993e-07
   35   73   1.704e-08
   35   74   1.965e-09
   35   75   1.935e-09
   35   76   2.100e-10
   35   77   1.504e-07
   35   78   2.195e-09
   35   79   1.034e-06
   35   80   2.296e-08
   35   81   3.565e-06
   35   82   2.165e-07
   35   83   3.818e-05
   35   84   6.515e-05
   35   85   4.802e-05
   35   86   7.180e-06
   35   87   3.146e-06
   35   88   1.158e-07
   35   89   1.884e-10
   35   90   1.014e-15
   35   91   5.623e-17
   35   92   7.713e-18
   36   72   1.927e-08
   36   73   4.998e-09
   36   74   2.402e-08
   36   75   6.725e-09
   36   76   2.985e-08
   36   77   5.653e-09
   36   78   1.708e-07
   36   79   3.488e-08
   36   80   2.154e-06
   36   81   1.126e-07
   36   82   6.776e-06
   36   83   4.428e-07
   36   84   7.700e-05
   36   85   2.883e-05
   36   86   1.817e-03
   36   87   9.182e-06
   36   88   1.292e-04
   36   89   2.026e-05
   36   90   5.996e-06
   36   91   2.208e-09
   36   92   6.287e-16
   36   93   3.097e-16
   36   94   3.441e-17
   36   95   3.650e-18
   37   74   2.578e-16
   37   75   6.752e-10
   37   76   5.944e-09
   37   77   1.704e-08
   37   78   1.037e-08
   37   79   1.462e-08
   37   80   5.406e-10
   37   81   1.423e-08
   37   82   7.534e-10
   37   83   2.744e-07
   37   84   4.953e-08
   37   85   9.972e-07
   37   86   2.783e-07
   37   87   3.811e-04
   37   88   1.063e-06
   37   89   2.865e-05
   37   90   3.338e-05
   37   91   1.351e-05
   37   92   7.958e-12
   37   93   2.684e-10
   37   94   5.003e-15
   37   95   1.537e-16
   37   96   4.976e-17
   37   97   1.875e-17
   38   76   5.537e-11
   38   77   3.353e-11
   38   78   1.927e-08
   38   79   6.750e-09
   38   80   3.213e-08
   38   81   1.161e-08
   38   82   4.923e-08
   38   83   8.963e-09
   38   84   1.369e-07
   38   85   6.847e-08
   38   86   2.497e-06
   38   87   1.582e-06
   38   88   2.964e-03
   38   89   3.972e-06
   38   90   1.431e-05
   38   91   3.137e-05
   38   92   1.642e-04
   38   93   1.257e-05
   38   94   6.900e-05
   38   95   4.353e-08
   38   96   8.847e-16
   38   97   2.905e-16
   38   98   3.319e-16
   38   99   6.666e-17
   38  100   2.210e-17
   39   79   3.856e-11
   39   80   7.575e-10
   39   81   5.792e-09
   39   82   1.417e-09
   39   83   2.526e-08
   39   84   5.714e-09
   39   85   1.931e-08
   39   86   9.127e-09
   39   87   4.285e-08
   39   88   8.135e-08
   39   89   1.788e-04
   39   90   8.567e-08
   39   91   4.783e-08
   39   92   1.183e-06
   39   93   2.254e-06
   39   94   9.828e-05
   39   95   4.022e-05
   39   96   3.026e-11
   39   97   1.276e-12
   39   98   4.929e-16
   39   99   1.184e-15
   39  100   4.288e-16
   39  101   1.702e-16
   39  102   4.879e-17
   39  103   1.018e-17
   40   80   5.569e-14
   40   81   2.179e-13
   40   82   4.067e-09
   40   83   2.536e-09
   40   84   2.558e-08
   40   85   1.088e-08
   40   86   2.679e-08
   40   87   1.223e-08
   40   88   4.241e-08
   40   89   1.382e-07
   40   90   4.906e-04
   40   91   8.419e-07
   40   92   7.137e-08
   40   93   3.120e-09
   40   94   3.606e-06
   40   95   4.722e-06
   40   96   4.290e-05
   40   97   6.845e-06
   40   98   1.727e-06
   40   99   2.159e-15
   40  100   3.614e-09
   40  101   3.245e-15
   40  102   1.157e-13
   40  103   7.609e-16
   40  104   3.177e-16
   40  105   9.048e-17
   40  106   6.605e-18
   41   83   1.017e-15
   41   84   4.921e-12
   41   85   6.005e-10
   41   86   1.213e-08
   41   87   1.377e-08
   41   88   6.657e-09
   41   89   1.458e-08
   41   90   7.433e-09
   41   91   9.679e-07
   41   92   3.132e-09
   41   93   4.663e-09
   41   94   1.380e-10
   41   95   2.946e-10
   41   96   4.564e-10
   41   97   2.560e-08
   41   98   1.774e-07
   41   99   1.235e-08
   41  100   9.681e-10
   41  101   1.968e-09
   41  102   7.241e-11
   41  103   1.687e-15
   41  104   1.681e-10
   41  105   1.481e-13
   41  106   4.323e-16
   41  107   7.998e-17
   41  108   1.953e-17
   42   85   2.069e-16
   42   86   9.095e-10
   42   87   3.363e-10
   42   88   2.254e-08
   42   89   5.846e-09
   42   90   4.401e-08
   42   91   1.028e-08
   42   92   4.348e-07
   42   93   1.204e-08
   42   94   2.189e-08
   42   95   1.913e-10
   42   96   2.699e-10
   42   97   7.380e-10
   42   98   1.332e-05
   42   99   7.511e-07
   42  100   2.045e-05
   42  101   7.401e-06
   42  102   1.606e-05
   42  103   4.940e-06
   42  104   1.017e-05
   42  105   2.280e-06
   42  106   4.857e-09
   42  107   7.362e-13
   42  108   1.013e-15
   42  109   3.103e-16
   42  110   6.057e-17
   42  111   9.036e-18
   43   88   1.659e-14
   43   89   3.633e-11
   43   90   1.847e-11
   43   91   1.413e-08
   43   92   1.676e-08
   43   93   2.820e-08
   43   94   3.328e-08
   43   95   1.068e-09
   43   96   2.980e-11
   43   97   1.717e-10
   43   98   1.059e-10
   43   99   4.768e-10
   43  100   1.876e-11
   43  101   5.021e-07
   43  102   1.260e-07
   43  103   4.220e-06
   43  104   1.801e-05
   43  105   1.050e-05
   43  106   1.277e-06
   43  107   4.533e-07
   43  108   8.282e-11
   43  109   1.297e-15
   43  110   1.045e-15
   43  111   2.389e-16
   43  112   9.133e-17
   43  113   2.161e-17
   44   90   5.393e-11
   44   91   3.995e-12
   44   92   4.318e-08
   44   93   6.006e-09
   44   94   1.734e-06
   44   95   1.304e-07
   44   96   4.964e-08
   44   97   6.849e-10
   44   98   3.060e-10
   44   99   5.305e-11
   44  100   6.945e-10
   44  101   1.977e-08
   44  102   1.397e-06
   44  103   3.926e-06
   44  104   6.405e-07
   44  105   1.036e-06
   44  106   5.058e-06
   44  107   6.605e-06
   44  108   5.328e-06
   44  109   9.150e-07
   44  110   2.041e-08
   44  111   3.666e-15
   44  112   2.570e-15
   44  113   7.225e-16
   44  114   2.605e-16
   44  115   5.833e-17
   44  116   8.337e-18
   45   92   2.118e-16
   45   93   2.437e-11
   45   94   2.393e-09
   45   95   4.348e-07
   45   96   7.286e-07
   45   97   3.104e-08
   45   98   3.585e-09
   45   99   4.644e-10
   45  100   9.923e-12
   45  101   6.538e-11
   45  102   2.562e-11
   45  103   2.200e-10
   45  104   8.463e-11
   45  105   2.897e-09
   45  106   1.949e-10
   45  107   1.504e-06
   45  108   3.356e-07
   45  109   3.118e-06
   45  110   7.120e-09
   45  111   7.788e-09
   45  112   9.798e-12
   45  113   2.826e-14
   45  114   2.524e-15
   45  115   9.096e-16
   45  116   3.199e-16
   45  117   1.965e-16
   45  118   8.858e-17
   45  119   4.145e-17
   46   94   4.269e-12
   46   95   4.634e-14
   46   96   1.045e-06
   46   97   7.878e-08
   46   98   6.699e-08
   46   99   1.320e-08
   46  100   2.336e-08
   46  101   2.951e-09
   46  102   1.233e-09
   46  103   4.720e-11
   46  104   2.792e-10
   46  105   7.579e-11
   46  106   1.133e-09
   46  107   3.330e-08
   46  108   1.027e-06
   46  109   2.178e-06
   46  110   4.593e-06
   46  111   1.912e-06
   46  112   2.124e-06
   46  113   2.440e-06
   46  114   5.394e-06
   46  115   2.966e-07
   46  116   1.029e-08
   46  117   5.967e-12
   46  118   2.360e-15
   46  119   1.131e-15
   46  120   7.627e-16
   46  121   3.174e-16
   46  122   1.928e-16
   46  123   8.643e-17
   46  124   1.393e-17
   46  125   2.378e-17
   46  126   1.834e-17
   47   96   1.754e-16
   47   97   2.096e-09
   47   98   8.171e-09
   47   99   1.901e-08
   47  100   8.298e-09
   47  101   2.550e-08
   47  102   9.238e-09
   47  103   1.180e-09
   47  104   1.515e-09
   47  105   1.318e-10
   47  106   3.487e-12
   47  107   2.065e-11
   47  108   6.775e-12
   47  109   1.445e-09
   47  110   3.845e-11
   47  111   7.806e-08
   47  112   2.958e-09
   47  113   2.437e-06
   47  114   1.767e-07
   47  115   3.604e-06
   47  116   1.746e-06
   47  117   1.760e-06
   47  118   1.384e-12
   47  119   3.874e-08
   47  120   3.254e-15
   47  121   2.834e-15
   47  122   2.343e-15
   47  123   1.404e-15
   47  124   5.947e-16
   47  125   3.582e-16
   47  126   1.309e-16
   47  127   7.751e-17
   47  128   2.970e-17
   47  129   1.740e-17
   48   98   1.485e-11
   48   99   2.354e-10
   48  100   3.559e-09
   48  101   7.669e-10
   48  102   4.062e-08
   48  103   4.520e-09
   48  104   7.459e-08
   48  105   6.502e-09
   48  106   2.007e-08
   48  107   1.111e-09
   48  108   3.541e-10
   48  109   1.672e-11
   48  110   3.197e-10
   48  111   4.941e-11
   48  112   8.580e-11
   48  113   5.305e-09
   48  114   2.919e-06
   48  115   1.477e-07
   48  116   4.728e-07
   48  117   2.403e-06
   48  118   2.644e-06
   48  119   6.713e-07
   48  120   4.969e-07
   48  121   1.166e-08
   48  122   9.670e-12
   48  123   1.879e-14
   48  124   1.666e-14
   48  125   8.659e-15
   48  126   5.461e-15
   48  127   1.971e-15
   48  128   9.476e-16
   48  129   5.892e-16
   48  130   2.258e-16
   48  131   3.803e-17
   48  132   1.049e-16
   48  133   1.408e-17
   49  100   8.112e-16
   49  101   1.110e-12
   49  102   3.462e-12
   49  103   7.994e-10
   49  104   8.663e-10
   49  105   1.633e-08
   49  106   4.163e-09
   49  107   2.831e-08
   49  108   8.349e-09
   49  109   4.197e-10
   49  110   4.106e-10
   49  111   1.200e-10
   49  112   1.086e-12
   49  113   1.463e-11
   49  114   1.267e-11
   49  115   8.893e-11
   49  116   6.692e-12
   49  117   1.081e-08
   49  118   4.384e-09
   49  119   1.996e-07
   49  120   3.207e-08
   49  121   1.583e-07
   49  122   3.875e-12
   49  123   5.643e-11
   49  124   5.500e-14
   49  125   4.571e-14
   49  126   3.570e-14
   49  127   2.724e-14
   49  128   1.532e-14
   49  129   6.668e-15
   49  130   1.646e-15
   49  131   9.734e-16
   49  132   4.042e-16
   49  133   1.704e-15
   49  134   3.941e-16
   49  135   7.456e-17
   49  136   9.260e-18
   50  103   2.862e-15
   50  104   3.952e-11
   50  105   3.600e-11
   50  106   3.831e-09
   50  107   8.455e-10
   50  108   7.017e-08
   50  109   2.553e-09
   50  110   8.613e-08
   50  111   4.060e-09
   50  112   1.173e-07
   50  113   7.726e-09
   50  114   2.126e-08
   50  115   8.931e-10
   50  116   3.222e-10
   50  117   1.362e-10
   50  118   5.197e-08
   50  119   4.480e-08
   50  120   1.278e-06
   50  121   1.129e-06
   50  122   7.611e-07
   50  123   6.242e-07
   50  124   3.271e-07
   50  125   4.289e-07
   50  126   2.096e-06
   50  127   8.580e-07
   50  128   3.931e-06
   50  129   2.479e-06
   50  130   1.282e-05
   50  131   4.155e-06
   50  132   1.238e-06
   50  133   5.986e-15
   50  134   3.738e-15
   50  135   1.917e-15
   50  136   7.793e-16
   50  137   7.025e-16
   50  138   7.955e-17
   50  139   3.621e-17
   50  140   1.160e-17
   51  108   3.606e-17
   51  109   2.393e-12
   51  110   1.891e-12
   51  111   1.623e-09
   51  112   9.140e-11
   51  113   3.570e-08
   51  114   5.427e-10
   51  115   2.435e-08
   51  116   6.145e-11
   51  117   3.147e-11
   51  118   5.671e-13
   51  119   4.787e-12
   51  120   1.709e-12
   51  121   4.729e-10
   51  122   2.139e-11
   51  123   1.256e-10
   51  124   4.982e-10
   51  125   7.299e-10
   51  126   6.478e-10
   51  127   8.774e-09
   51  128   7.567e-08
   51  129   1.622e-06
   51  130   4.499e-06
   51  131   9.408e-06
   51  132   4.238e-06
   51  133   4.721e-07
   51  134   5.729e-15
   51  135   1.168e-14
   51  136   4.354e-15
   51  137   3.792e-15
   51  138   4.207e-15
   51  139   3.373e-15
   51  140   2.742e-16
   51  141   1.381e-16
   51  142   3.756e-17
   51  143   1.558e-17
   52  118   1.616e-09
   52  119   8.316e-11
   52  120   1.354e-09
   52  121   2.158e-11
   52  122   9.906e-11
   52  123   1.813e-12
   52  124   9.602e-12
   52  125   1.174e-11
   52  126   3.411e-11
   52  127   3.318e-11
   52  128   2.575e-10
   52  129   3.916e-09
   52  130   7.040e-08
   52  131   2.834e-07
   52  132   1.253e-06
   52  133   2.788e-07
   52  134   2.656e-07
   52  135   1.917e-09
   52  136   4.280e-09
   52  137   1.631e-14
   52  138   7.979e-15
   52  139   1.931e-15
   52  140   1.233e-15
   52  141   5.583e-16
   52  142   4.978e-16
   52  143   1.959e-16
   52  144   1.547e-16
   52  145   4.072e-17
   52  146   1.537e-17
   53  119   1.283e-09
   53  120   9.446e-12
   53  121   1.328e-09
   53  122   2.927e-11
   53  123   1.865e-10
   53  124   1.435e-13
   53  125   4.593e-12
   53  126   1.192e-13
   53  127   8.311e-13
   53  128   2.214e-12
   53  129   2.799e-11
   53  130   1.036e-11
   53  131   5.028e-09
   53  132   2.126e-10
   53  133   1.551e-08
   53  134   7.815e-09
   53  135   1.555e-07
   53  136   8.299e-08
   53  137   1.016e-08
   53  138   1.565e-11
   53  139   2.450e-14
   53  140   7.193e-15
   53  141   3.619e-15
   53  142   1.704e-15
   53  143   1.001e-15
   53  144   6.510e-16
   53  145   8.278e-16
   53  146   3.257e-16
   53  147   1.892e-16
   53  148   4.485e-17
   53  149   1.478e-17
   54  122   3.512e-08
   54  123   8.516e-10
   54  124   9.740e-08
   54  125   2.067e-09
   54  126   1.681e-08
   54  127   1.129e-10
   54  128   6.713e-10
   54  129   2.601e-13
   54  130   1.851e-13
   54  131   7.197e-13
   54  132   3.756e-12
   54  133   3.015e-11
   54  134   1.457e-09
   54  135   1.028e-09
   54  136   1.943e-07
   54  137   8.060e-08
   54  138   9.742e-08
   54  139   4.484e-08
   54  140   1.480e-09
   54  141   1.430e-14
   54  142   1.185e-14
   54  143   6.311e-15
   54  144   5.260e-15
   54  145   1.484e-15
   54  146   1.916e-15
   54  147   9.531e-16
   54  148   7.146e-16
   54  149   3.244e-16
   54  150   1.150e-16
   54  151   2.838e-17
   54  152   6.961e-18
   55  123   3.474e-09
   55  124   1.043e-11
   55  125   5.362e-08
   55  126   3.646e-10
   55  127   3.365e-09
   55  128   4.543e-11
   55  129   2.273e-10
   55  130   1.804e-13
   55  131   6.919e-13
   55  132   1.229e-14
   55  133   2.945e-13
   55  134   5.861e-12
   55  135   9.896e-11
   55  136   5.841e-10
   55  137   8.046e-08
   55  138   7.013e-09
   55  139   1.634e-07
   55  140   6.577e-08
   55  141   4.767e-09
   55  142   1.850e-14
   55  143   2.528e-14
   55  144   1.511e-14
   55  145   6.277e-15
   55  146   5.294e-15
   55  147   4.038e-15
   55  148   2.569e-15
   55  149   2.657e-15
   55  150   1.168e-15
   55  151   7.013e-16
   55  152   2.702e-16
   55  153   8.649e-17
   55  154   1.952e-17
   56  128   8.840e-08
   56  129   2.994e-09
   56  130   3.012e-08
   56  131   8.681e-10
   56  132   6.391e-10
   56  133   9.246e-12
   56  134   8.036e-12
   56  135   5.339e-13
   56  136   6.593e-11
   56  137   5.495e-10
   56  138   4.825e-08
   56  139   1.259e-08
   56  140   8.316e-08
   56  141   5.394e-08
   56  142   5.426e-08
   56  143   4.901e-10
   56  144   2.221e-10
   56  145   1.445e-13
   56  146   3.542e-14
   56  147   1.255e-14
   56  148   1.195e-14
   56  149   4.730e-15
   56  150   4.598e-15
   56  151   2.664e-15
   56  152   1.796e-15
   56  153   7.078e-16
   56  154   3.328e-16
   56  155   1.076e-16
   56  156   2.728e-17
   56  157   9.012e-18
   57  129   2.793e-08
   57  130   4.272e-10
   57  131   4.360e-08
   57  132   2.984e-10
   57  133   1.359e-09
   57  134   1.485e-11
   57  135   1.157e-11
   57  136   2.818e-14
   57  137   3.281e-12
   57  138   5.773e-10
   57  139   5.488e-08
   57  140   1.713e-10
   57  141   2.373e-09
   57  142   5.790e-09
   57  143   3.366e-08
   57  144   1.494e-08
   57  145   4.428e-09
   57  146   5.968e-12
   57  147   1.029e-13
   57  148   2.596e-14
   57  149   1.589e-14
   57  150   1.505e-14
   57  151   9.778e-15
   57  152   4.876e-15
   57  153   4.556e-15
   57  154   2.132e-15
   57  155   1.010e-15
   57  156   5.503e-16
   57  157   1.781e-16
   57  158   5.597e-17
   57  159   1.847e-17
   58  134   6.118e-08
   58  135   1.849e-09
   58  136   6.209e-09
   58  137   9.346e-11
   58  138   9.163e-11
   58  139   1.736e-10
   58  140   3.104e-08
   58  141   6.392e-11
   58  142   9.393e-11
   58  143   2.127e-09
   58  144   3.953e-08
   58  145   3.587e-08
   58  146   4.608e-08
   58  147   1.138e-08
   58  148   1.218e-08
   58  149   6.312e-13
   58  150   1.331e-13
   58  151   2.966e-14
   58  152   2.284e-14
   58  153   1.286e-14
   58  154   9.395e-15
   58  155   6.043e-15
   58  156   2.429e-15
   58  157   1.718e-15
   58  158   6.424e-16
   58  159   2.321e-16
   58  160   9.838e-17
   58  161   2.515e-17
   59  135   3.135e-08
   59  136   4.924e-10
   59  137   6.094e-09
   59  138   9.195e-12
   59  139   3.550e-10
   59  140   4.724e-11
   59  141   2.059e-08
   59  142   2.996e-09
   59  143   1.628e-08
   59  144   2.396e-09
   59  145   4.789e-08
   59  146   3.534e-09
   59  147   2.149e-08
   59  148   2.003e-08
   59  149   1.588e-08
   59  150   1.210e-11
   59  151   1.892e-09
   59  152   8.501e-14
   59  153   2.596e-13
   59  154   3.353e-14
   59  155   1.618e-14
   59  156   6.755e-15
   59  157   3.525e-15
   59  158   2.338e-15
   59  159   1.045e-15
   59  160   6.018e-16
   59  161   2.793e-16
   59  162   8.181e-17
   59  163   3.457e-17
   59  164   8.950e-18
   60  140   2.326e-07
   60  141   9.456e-10
   60  142   6.671e-10
   60  143   9.063e-11
   60  144   4.886e-09
   60  145   5.293e-10
   60  146   5.027e-09
   60  147   1.118e-09
   60  148   6.783e-09
   60  149   8.836e-09
   60  150   5.448e-08
   60  151   4.776e-08
   60  152   6.894e-08
   60  153   1.426e-08
   60  154   5.364e-09
   60  155   6.213e-11
   60  156   1.475e-12
   60  157   2.947e-14
   60  158   1.160e-14
   60  159   7.121e-15
   60  160   2.458e-15
   60  161   1.117e-15
   60  162   8.942e-16
   60  163   3.161e-16
   60  164   1.412e-16
   60  165   4.088e-17
   60  166   1.963e-17
   61  143   1.047e-09
   61  144   1.355e-12
   61  145   1.613e-11
   61  146   7.463e-12
   61  147   1.613e-11
   61  148   2.669e-12
   61  149   2.210e-10
   61  150   2.956e-11
   61  151   4.624e-09
   61  152   5.805e-09
   61  153   8.077e-08
   61  154   4.248e-08
   61  155   1.387e-08
   61  156   1.316e-09
   61  157   3.284e-10
   61  158   9.407e-13
   61  159   1.145e-14
   61  160   9.528e-15
   61  161   4.047e-15
   61  162   1.858e-15
   61  163   1.756e-15
   61  164   5.675e-16
   61  165   3.049e-16
   61  166   1.069e-16
   61  167   7.463e-17
   61  168   1.847e-17
   62  142   3.217e-07
   62  143   7.683e-09
   62  144   6.577e-09
   62  145   9.432e-13
   62  146   1.754e-12
   62  147   6.856e-14
   62  148   7.581e-13
   62  149   7.102e-14
   62  150   7.126e-13
   62  151   1.799e-12
   62  152   8.245e-10
   62  153   1.178e-08
   62  154   1.486e-08
   62  155   3.722e-08
   62  156   1.234e-07
   62  157   8.143e-08
   62  158   8.561e-08
   62  159   5.249e-10
   62  160   1.792e-10
   62  161   6.254e-13
   62  162   1.148e-14
   62  163   3.958e-15
   62  164   4.564e-15
   62  165   1.560e-15
   62  166   7.069e-16
   62  167   1.812e-16
   62  168   1.860e-16
   62  169   5.077e-17
   62  170   2.872e-17
   63  143   7.911e-09
   63  144   1.081e-12
   63  145   1.884e-09
   63  146   4.516e-12
   63  147   1.033e-13
   63  148   4.670e-15
   63  149   2.717e-12
   63  150   1.435e-14
   63  151   1.383e-14
   63  152   7.911e-16
   63  153   1.880e-12
   63  154   1.469e-13
   63  155   1.037e-09
   63  156   1.895e-10
   63  157   1.338e-08
   63  158   1.811e-08
   63  159   9.780e-08
   63  160   2.327e-08
   63  161   9.420e-09
   63  162   6.211e-10
   63  163   4.887e-11
   63  164   1.805e-13
   63  165   5.878e-15
   63  166   1.678e-15
   63  167   1.029e-15
   63  168   3.339e-16
   63  169   3.903e-16
   63  170   1.191e-16
   63  171   5.967e-17
   63  172   2.492e-17
   64  152   4.800e-11
   64  153   2.239e-13
   64  154   4.336e-14
   64  155   2.278e-15
   64  156   1.074e-11
   64  157   1.187e-11
   64  158   5.798e-10
   64  159   5.080e-09
   64  160   7.519e-08
   64  161   7.035e-08
   64  162   1.499e-07
   64  163   4.788e-08
   64  164   2.328e-08
   64  165   2.735e-10
   64  166   7.593e-13
   64  167   2.518e-12
   64  168   2.397e-15
   64  169   7.492e-16
   64  170   7.755e-16
   64  171   1.857e-16
   64  172   1.642e-16
   64  173   5.214e-17
   64  174   3.409e-17
   65  153   1.128e-11
   65  154   1.069e-13
   65  155   4.809e-12
   65  156   1.259e-15
   65  157   2.564e-13
   65  158   3.552e-14
   65  159   3.218e-12
   65  160   2.099e-12
   65  161   1.820e-08
   65  162   1.707e-08
   65  163   6.486e-08
   65  164   5.435e-08
   65  165   5.730e-08
   65  166   9.585e-09
   65  167   4.432e-09
   65  168   6.102e-11
   65  169   2.964e-13
   65  170   1.175e-15
   65  171   5.857e-15
   65  172   3.117e-16
   65  173   1.406e-16
   65  174   5.584e-17
   66  154   7.540e-07
   66  155   3.427e-09
   66  156   2.283e-09
   66  157   1.152e-10
   66  158   8.446e-12
   66  159   2.905e-13
   66  160   9.124e-13
   66  161   1.090e-12
   66  162   1.232e-09
   66  163   2.035e-09
   66  164   1.578e-08
   66  165   3.050e-08
   66  166   9.074e-08
   66  167   7.553e-08
   66  168   7.315e-08
   66  169   1.859e-08
   66  170   4.723e-08
   66  171   9.040e-12
   66  172   5.042e-11
   66  173   5.427e-16
   66  174   2.635e-16
   67  155   7.283e-08
   67  156   2.541e-09
   67  157   7.694e-10
   67  158   4.386e-11
   67  159   6.739e-12
   67  160   2.047e-11
   67  161   3.081e-12
   67  162   2.147e-15
   67  163   7.198e-13
   67  164   1.361e-13
   67  165   1.424e-10
   67  166   9.261e-11
   67  167   1.165e-08
   67  168   7.351e-09
   67  169   6.002e-08
   67  170   5.870e-08
   67  171   3.362e-08
   67  172   1.137e-08
   67  173   8.888e-09
   67  174   1.352e-12
   67  175   1.841e-13
   68  160   3.158e-08
   68  161   6.032e-10
   68  162   1.187e-09
   68  163   5.206e-11
   68  164   6.574e-12
   68  165   4.794e-14
   68  166   5.465e-13
   68  167   3.408e-11
   68  168   1.583e-09
   68  169   9.032e-09
   68  170   1.537e-08
   68  171   6.601e-08
   68  172   9.295e-08
   68  173   5.903e-08
   68  174   8.314e-08
   68  175   4.133e-08
   68  176   8.643e-09
   68  177   7.477e-10
   68  178   1.582e-12
   68  179   5.493e-15
   69  161   2.825e-09
   69  162   2.054e-10
   69  163   3.101e-10
   69  164   6.698e-12
   69  165   3.451e-12
   69  166   1.217e-11
   69  167   3.049e-11
   69  168   1.796e-14
   69  169   3.097e-13
   69  170   4.284e-14
   69  171   2.141e-10
   69  172   9.565e-11
   69  173   4.042e-08
   69  174   2.823e-08
   69  175   5.456e-08
   69  176   5.823e-08
   69  177   4.519e-08
   69  178   1.031e-09
   69  179   3.788e-11
   69  180   7.674e-15
   69  181   2.248e-17
   70  166   3.654e-08
   70  167   5.177e-10
   70  168   6.969e-10
   70  169   1.590e-11
   70  170   7.924e-11
   70  171   1.177e-12
   70  172   6.844e-13
   70  173   3.987e-11
   70  174   3.067e-09
   70  175   2.263e-09
   70  176   2.775e-08
   70  177   6.819e-08
   70  178   1.021e-07
   70  179   6.774e-08
   70  180   3.383e-08
   70  181   7.271e-09
   70  182   3.310e-10
   70  183   9.432e-13
   70  184   3.999e-14
   70  186   4.027e-17
   71  167   2.659e-09
   71  168   1.587e-10
   71  169   1.752e-10
   71  170   5.755e-12
   71  171   2.892e-09
   71  172   9.320e-11
   71  173   1.678e-12
   71  174   1.492e-14
   71  175   1.884e-12
   71  176   6.646e-13
   71  177   3.523e-10
   71  178   1.165e-09
   71  179   8.574e-09
   71  180   1.660e-08
   71  181   2.333e-08
   71  182   2.421e-08
   71  183   1.188e-08
   71  184   1.334e-09
   71  185   9.956e-11
   71  186   3.220e-13
   71  187   8.023e-15
   72  174   5.678e-08
   72  175   1.170e-09
   72  176   7.974e-12
   72  177   1.209e-13
   72  178   2.066e-11
   72  179   1.615e-11
   72  180   1.792e-09
   72  181   5.164e-09
   72  182   1.458e-08
   72  183   2.168e-08
   72  184   3.002e-08
   72  185   2.517e-08
   72  186   3.828e-08
   72  187   3.342e-12
   72  188   1.493e-08
   72  189   1.136e-10
   72  190   9.811e-11
   72  191   3.536e-17
   72  192   9.708e-16
   73  175   6.224e-09
   73  176   2.083e-10
   73  177   5.484e-12
   73  178   3.599e-12
   73  179   3.242e-11
   73  180   2.704e-14
   73  181   3.487e-13
   73  182   3.528e-13
   73  183   2.588e-10
   73  184   1.038e-10
   73  185   7.584e-09
   73  186   1.712e-08
   73  187   4.645e-08
   73  188   1.088e-08
   73  189   7.854e-10
   73  190   1.393e-10
   73  191   1.065e-09
   73  192   4.479e-15
   73  193   4.854e-13
   74  178   1.041e-07
   74  179   1.279e-09
   74  180   1.062e-10
   74  181   6.898e-14
   74  182   2.739e-14
   74  183   3.808e-14
   74  184   2.362e-12
   74  185   8.118e-11
   74  186   9.533e-10
   74  187   2.372e-08
   74  188   4.466e-08
   74  189   7.038e-08
   74  190   8.452e-08
   74  191   7.075e-08
   74  192   1.532e-07
   74  193   3.863e-09
   74  194   2.611e-08
   74  195   1.993e-11
   74  196   2.517e-12
   75  179   5.299e-09
   75  180   1.870e-10
   75  181   7.773e-12
   75  182   3.231e-12
   75  183   5.592e-14
   75  184   3.548e-16
   75  185   4.994e-16
   75  186   6.837e-17
   75  187   9.102e-12
   75  188   1.538e-12
   75  189   5.425e-09
   75  190   2.170e-09
   75  191   7.524e-08
   75  192   1.993e-08
   75  193   2.738e-07
   75  194   6.612e-08
   75  195   2.616e-10
   75  196   5.250e-12
   75  197   9.339e-09
   75  198   3.782e-15
   75  199   4.116e-11
   75  200   7.105e-14
   76  182   3.632e-09
   76  183   2.607e-11
   76  184   8.339e-12
   76  185   9.343e-14
   76  186   3.371e-11
   76  187   1.672e-13
   76  188   1.013e-14
   76  189   1.685e-12
   76  190   3.510e-10
   76  191   4.231e-09
   76  192   7.038e-08
   76  193   4.566e-08
   76  194   4.125e-07
   76  195   5.615e-07
   76  196   8.540e-07
   76  197   6.094e-07
   76  198   2.258e-07
   76  199   1.800e-10
   76  200   5.730e-11
   76  201   6.918e-10
   76  202   1.534e-16
   77  183   3.591e-11
   77  184   1.454e-12
   77  185   1.860e-12
   77  186   7.648e-14
   77  187   1.639e-12
   77  188   4.764e-14
   77  189   6.041e-15
   77  190   4.782e-17
   77  191   1.070e-13
   77  192   1.426e-17
   77  193   1.209e-11
   77  194   1.138e-13
   77  195   5.972e-08
   77  196   1.448e-08
   77  197   2.040e-07
   77  198   3.502e-08
   77  199   1.248e-09
   77  200   4.103e-09
   77  201   3.502e-08
   77  202   1.278e-10
   77  203   1.797e-14
   78  190   1.272e-08
   78  191   1.494e-10
   78  192   2.412e-12
   78  193   1.802e-14
   78  194   3.835e-15
   78  195   1.973e-10
   78  196   1.028e-08
   78  197   1.835e-08
   78  198   3.869e-07
   78  199   7.681e-07
   78  200   4.908e-07
   78  201   1.322e-07
   78  202   3.376e-08
   78  203   4.802e-11
   78  204   2.540e-11
   79  191   9.752e-10
   79  192   2.133e-11
   79  193   6.303e-13
   79  194   3.682e-15
   79  195   4.392e-14
   79  197   5.486e-12
   79  198   1.272e-17
   79  199   2.085e-08
   79  200   5.165e-10
   79  201   3.617e-08
   79  202   5.440e-12
   79  203   6.156e-09
   79  204   2.838e-09
   79  205   1.077e-09
   79  207   3.231e-14
   80  194   2.258e-08
   80  195   2.747e-11
   80  196   2.925e-13
   80  197   2.052e-15
   80  198   3.772e-17
   80  199   2.101e-12
   80  200   4.757e-12
   80  201   5.706e-10
   80  202   8.131e-12
   80  203   8.476e-09
   80  204   8.431e-09
   80  205   6.092e-09
   80  206   7.026e-09
   80  207   5.086e-09
   80  208   7.898e-09
   80  209   4.044e-10
   80  210   2.181e-17
   81  195   1.194e-10
   81  196   1.848e-12
   81  197   8.431e-14
   81  198   6.516e-16
   81  199   1.458e-11
   81  200   2.464e-14
   81  201   1.122e-16
   81  203   6.937e-14
   81  204   9.132e-17
   81  205   9.509e-10
   81  206   8.678e-10
   81  207   3.619e-09
   81  208   1.997e-10
   81  209   2.227e-09
   81  210   8.732e-09
   81  211   2.521e-11
   81  213   3.463e-09
   81  214   8.914e-18
   82  199   1.134e-09
   82  200   2.437e-11
   82  201   2.860e-14
   82  202   1.225e-16
   82  206   1.251e-10
   82  207   6.869e-10
   82  208   2.474e-10
   82  209   1.058e-09
   82  210   1.500e-08
   82  211   5.906e-09
   82  212   6.644e-09
   82  213   6.173e-09
   82  214   6.937e-09
   82  215   8.229e-09
   82  216   1.418e-08
   82  217   1.410e-10
   82  218   8.130e-11
   82  219   5.414e-11
   82  220   1.760e-16
   82  221   1.020e-11
   83  200   1.019e-12
   83  201   2.178e-14
   83  202   1.088e-16
   83  208   1.483e-16
   83  209   3.845e-12
   83  210   2.216e-13
   83  211   1.192e-10
   83  212   1.113e-11
   83  213   4.937e-10
   83  214   2.279e-10
   83  215   4.792e-09
   83  216   5.832e-10
   83  217   4.346e-09
   83  218   3.402e-09
   83  219   1.407e-09
   83  220   2.135e-10
   83  221   6.990e-12
   83  222   3.204e-16
   83  223   1.600e-15
   84  210   3.599e-17
   84  211   1.335e-15
   84  214   3.141e-17
   84  215   1.885e-14
   84  216   8.587e-13
   84  217   6.850e-11
   84  218   1.088e-08
   84  219   4.668e-09
   84  220   8.709e-09
   84  221   4.850e-09
   84  222   9.993e-09
   84  223   8.384e-11
   84  224   3.120e-12
   84  225   3.543e-15
   85  217   9.193e-16
   85  218   1.742e-14
   85  219   1.686e-10
   85  220   1.029e-09
   85  221   2.528e-09
   85  222   7.055e-10
   85  223   4.540e-09
   85  224   3.590e-09
   85  225   1.077e-09
   85  226   2.131e-11
   85  227   2.559e-12
   85  228   9.901e-14
   85  229   6.156e-17
   86  219   3.295e-13
   86  220   9.145e-11
   86  221   6.448e-10
   86  222   5.245e-10
   86  223   7.719e-09
   86  224   4.089e-09
   86  225   8.650e-09
   86  226   1.392e-08
   86  227   1.145e-09
   86  228   1.061e-08
   86  229   2.206e-10
   86  230   2.912e-12
   86  231   2.230e-16
   86  232   7.984e-15
   87  221   7.335e-12
   87  222   5.569e-17
   87  223   1.751e-10
   87  224   2.000e-11
   87  225   1.295e-09
   87  226   1.085e-09
   87  227   1.129e-08
   87  228   7.171e-09
   87  229   1.152e-08
   87  230   7.039e-10
   87  231   7.667e-10
   87  232   1.092e-12
   87  233   2.123e-11
   87  234   1.836e-15
   87  235   5.920e-17
   88  223   2.941e-12
   88  224   2.374e-12
   88  225   1.499e-10
   88  226   8.104e-10
   88  227   3.650e-09
   88  228   9.655e-09
   88  229   1.741e-08
   88  230   1.145e-08
   88  231   1.402e-08
   88  232   1.032e-08
   88  233   3.058e-09
   88  234   3.074e-09
   88  235   1.407e-10
   88  236   1.676e-12
   88  237   1.304e-14
   89  225   2.449e-15
   89  227   3.830e-11
   89  228   2.049e-15
   89  229   2.526e-09
   89  230   7.385e-11
   89  231   7.386e-09
   89  232   2.055e-09
   89  233   1.169e-08
   89  234   8.596e-09
   89  235   7.551e-09
   89  236   5.873e-10
   89  237   3.972e-10
   89  238   1.063e-11
   89  239   1.804e-12
   89  240   1.253e-16
   89  241   4.478e-14
   90  229   1.513e-11
   90  230   1.639e-11
   90  231   4.867e-10
   90  232   5.895e-10
   90  233   3.361e-09
   90  234   1.218e-08
   90  235   9.312e-09
   90  236   1.335e-08
   90  237   2.084e-08
   90  238   1.325e-08
   90  239   6.200e-09
   90  240   2.723e-09
   90  241   2.104e-10
   90  242   7.487e-10
   90  243   1.077e-12
   90  244   2.085e-15
   90  245   6.476e-16
   91  231   1.084e-13
   91  233   6.403e-11
   91  234   1.745e-13
   91  235   7.126e-10
   91  236   2.572e-10
   91  237   3.754e-09
   91  238   1.132e-09
   91  239   1.065e-08
   91  240   5.377e-09
   91  241   1.324e-08
   91  242   3.715e-10
   91  243   1.347e-09
   91  244   7.290e-12
   91  245   3.453e-14
   91  246   4.633e-15
   92  233   5.025e-16
   92  234   1.484e-16
   92  235   1.073e-11
   92  236   1.239e-11
   92  237   2.069e-10
   92  238   2.732e-10
   92  239   5.869e-11
   92  240   6.734e-09
   92  241   1.718e-08
   92  242   8.850e-09
   92  243   3.627e-09
   92  244   4.046e-09
   92  245   1.579e-09
   92  246   2.467e-11
   92  247   2.338e-12
   92  248   2.479e-14
   92  249   2.102e-14
   92  251   1.251e-15
   93  237   7.158e-15
   93  239   9.773e-13
   93  240   3.763e-12
   93  241   3.737e-10
   93  242   3.029e-10
   93  243   3.681e-09
   93  244   2.441e-09
   93  245   3.557e-09
   93  246   1.284e-10
   93  247   3.134e-10
   93  248   2.956e-13
   93  249   2.079e-14
   93  250   1.968e-15
   93  251   5.488e-16
   94  239   8.497e-17
   94  240   2.029e-14
   94  241   9.749e-12
   94  242   5.945e-11
   94  243   9.982e-10
   94  244   6.126e-10
   94  245   3.359e-09
   94  246   4.774e-09
   94  247   7.256e-09
   94  248   4.329e-09
   94  249   5.375e-09
   94  250   3.333e-10
   94  251   8.784e-11
   94  252   5.994e-11
   94  253   1.732e-11
   94  254   2.083e-15
   94  255   1.299e-17
   95  243   1.139e-12
   95  244   5.004e-17
   95  245   2.373e-12
   95  246   2.138e-13
   95  247   1.588e-12
   95  248   6.743e-10
   95  249   1.819e-09
