#   Z    A  M_ej/M_sun
    1    1   8.748e-02
    1    2   1.554e-19
    2    3   3.366e-16
    2    4   4.740e-01
    4    7   1.475e-15
    5    8   4.984e-18
    5   10   1.218e-17
    5   11   1.369e-14
    6   10   4.813e-17
    6   11   2.764e-13
    6   12   3.552e-01
    6   13   8.102e-10
    6   14   2.646e-15
    7   13   8.559e-09
    7   14   1.027e-08
    7   15   4.337e-08
    8   14   2.860e-09
    8   15   8.965e-08
    8   16   2.886e+00
    8   17   2.422e-08
    8   18   1.349e-12
    9   17   2.096e-08
    9   18   1.993e-10
    9   19   1.645e-11
   10   18   2.492e-17
   10   19   1.269e-12
   10   20   4.382e-01
   10   21   1.215e-07
   10   22   5.838e-12
   11   21   1.031e-08
   11   22   8.301e-08
   11   23   1.476e-06
   11   24   8.670e-15
   12   22   6.625e-13
   12   23   8.798e-09
   12   24   8.577e-02
   12   25   2.177e-07
   12   26   8.490e-09
   12   27   6.616e-17
   13   24   5.599e-17
   13   25   1.349e-10
   13   26   2.513e-07
   13   27   1.458e-05
   13   28   4.250e-12
   13   29   4.359e-16
   14   26   9.079e-16
   14   27   2.148e-11
   14   28   2.881e-02
   14   29   8.972e-06
   14   30   4.095e-06
   14   31   6.702e-15
   14   32   2.917e-18
   15   28   1.444e-18
   15   29   3.252e-11
   15   30   8.707e-06
   15   31   1.244e-05
   15   32   2.654e-12
   15   33   2.257e-12
   16   30   7.234e-18
   16   31   4.076e-13
   16   32   1.116e-02
   16   33   2.725e-06
   16   34   2.447e-06
   16   35   2.788e-13
   16   36   3.980e-15
   17   33   3.768e-14
   17   34   3.935e-14
   17   35   6.585e-06
   17   36   1.100e-11
   17   37   1.338e-10
   18   35   2.152e-16
   18   36   2.192e-03
   18   37   6.376e-06
   18   38   7.191e-07
   18   39   2.138e-15
   18   40   1.113e-16
   19   37   5.075e-13
   19   38   5.058e-06
   19   39   1.094e-05
   19   40   7.645e-14
   19   41   5.867e-15
   20   39   3.675e-15
   20   40   2.732e-03
   20   41   6.801e-06
   20   42   5.377e-06
   20   43   3.927e-08
   20   44   1.167e-12
   21   41   2.661e-17
   21   42   3.994e-16
   21   43   8.744e-06
   21   44   2.753e-10
   21   45   9.615e-08
   22   40   1.068e-13
   22   44   5.510e-05
   22   45   1.707e-05
   22   46   1.368e-05
   22   47   7.629e-07
   22   48   2.845e-12
   22   49   6.471e-13
   23   45   2.257e-16
   23   46   1.352e-17
   23   47   2.347e-05
   23   48   1.208e-07
   23   49   5.770e-07
   23   50   1.555e-16
   23   51   1.227e-11
   24   48   1.490e-04
   24   49   2.346e-05
   24   50   2.117e-05
   24   51   8.991e-07
   24   52   1.298e-10
   24   53   5.640e-17
   24   54   8.156e-18
   25   49   1.965e-17
   25   51   3.903e-05
   25   52   1.992e-06
   25   53   3.253e-06
   25   54   4.373e-14
   25   55   6.669e-14
   26   52   9.725e-04
   26   53   2.486e-05
   26   54   3.351e-05
   26   55   6.681e-08
   26   56   5.306e-05
   26   57   4.202e-11
   26   58   4.995e-14
   27   55   6.455e-05
   27   56   5.042e-05
   27   57   8.352e-06
   27   58   7.508e-11
   27   59   7.356e-12
   27   60   3.984e-16
   28   56   4.244e-01
   28   57   1.648e-02
   28   58   3.692e-03
   28   59   8.889e-04
   28   60   2.056e-04
   28   61   2.338e-07
   28   62   7.432e-09
   29   57   4.310e-17
   29   58   5.584e-10
   29   59   8.122e-04
   29   60   8.589e-03
   29   61   8.114e-05
   29   62   1.374e-07
   29   63   7.529e-07
   29   64   6.205e-17
   29   65   2.864e-13
   30   60   1.649e-02
   30   61   8.438e-05
   30   62   7.957e-05
   30   63   4.307e-05
   30   64   6.908e-05
   30   65   2.481e-07
   30   66   2.297e-11
   30   67   4.165e-12
   30   68   1.149e-14
   31   63   8.299e-06
   31   64   2.765e-04
   31   65   5.516e-06
   31   66   2.519e-08
   31   67   4.906e-08
   31   68   2.558e-12
   31   69   1.621e-12
   31   71   2.032e-17
   32   64   2.164e-04
   32   65   9.944e-07
   32   66   3.370e-06
   32   67   1.417e-06
   32   68   2.381e-06
   32   69   9.199e-09
   32   70   2.571e-11
   32   71   1.086e-12
   32   72   1.381e-15
   32   73   4.857e-18
   33   67   4.655e-07
   33   68   8.162e-06
   33   69   1.973e-07
   33   70   2.574e-09
   33   71   9.802e-09
   33   72   6.637e-12
   33   73   1.870e-12
   33   75   5.885e-18
   34   68   2.345e-06
   34   69   2.648e-08
   34   70   1.039e-07
   34   71   5.892e-08
   34   72   1.693e-07
   34   73   1.881e-09
   34   74   1.057e-11
   34   75   3.284e-12
   34   76   3.900e-15
   34   77   1.613e-16
   35   71   4.542e-09
   35   72   2.204e-07
   35   73   8.423e-09
   35   74   5.014e-10
   35   75   7.218e-10
   35   76   1.048e-11
   35   77   1.669e-12
   35   79   2.818e-16
   36   72   1.270e-08
   36   73   1.300e-09
   36   74   5.528e-09
   36   75   3.818e-09
   36   76   1.620e-08
   36   77   2.570e-10
   36   78   6.940e-12
   36   79   1.840e-12
   36   80   3.291e-12
   36   81   2.129e-15
   36   82   1.933e-16
   37   75   2.118e-10
   37   76   5.215e-09
   37   77   9.955e-10
   37   78   2.188e-10
   37   79   8.996e-11
   37   80   4.127e-12
   37   81   1.641e-12
   37   82   6.269e-16
   37   83   4.076e-16
   38   76   1.647e-11
   38   77   2.244e-12
   38   78   4.873e-10
   38   79   2.210e-10
   38   80   1.248e-09
   38   81   6.654e-11
   38   82   5.141e-11
   38   83   2.088e-12
   38   84   4.968e-14
   38   85   8.654e-15
   39   79   6.095e-12
   39   80   2.387e-10
   39   81   5.719e-11
   39   82   3.451e-12
   39   83   2.374e-11
   39   84   4.273e-12
   39   85   3.310e-12
   39   86   3.539e-15
   39   87   9.197e-15
   40   80   1.216e-14
   40   81   5.831e-15
   40   82   9.923e-12
   40   83   8.915e-12
   40   84   1.296e-10
   40   85   3.505e-11
   40   86   6.925e-12
   40   87   1.920e-12
   40   88   6.821e-14
   40   89   6.663e-15
   40   90   4.735e-17
   41   83   3.336e-17
   41   84   4.520e-13
   41   85   2.529e-12
   41   86   9.596e-12
   41   87   7.810e-12
   41   88   1.838e-12
   41   89   1.596e-12
   41   90   8.535e-14
   41   91   2.969e-14
   42   86   6.115e-13
   42   87   2.300e-13
   42   88   1.424e-11
   42   89   3.184e-12
   42   90   3.145e-11
   42   91   8.216e-13
   42   92   9.144e-14
   42   93   2.655e-15
   42   94   6.439e-17
   43   88   6.610e-16
   43   89   4.078e-14
   43   90   4.280e-14
   43   91   2.264e-12
   43   92   6.086e-13
   43   93   7.553e-13
   43   94   4.882e-14
   43   95   1.367e-15
   44   90   1.250e-13
   44   91   1.068e-15
   44   92   1.929e-12
   44   93   5.062e-13
   44   94   4.258e-12
   44   95   2.375e-13
   44   96   1.431e-13
   44   97   1.515e-15
   44   98   1.431e-15
   45   93   6.270e-15
   45   94   3.146e-12
   45   95   1.017e-12
   45   96   2.167e-12
   45   97   9.411e-14
   45   98   3.092e-14
   45   99   5.282e-16
   46   94   9.091e-15
   46   95   6.408e-18
   46   96   3.071e-12
   46   97   3.233e-13
   46   98   9.027e-13
   46   99   2.128e-14
   46  100   3.714e-16
   47   97   3.186e-14
   47   98   3.924e-13
   47   99   4.124e-14
   47  100   9.425e-16
   47  101   4.136e-17
   47  102   2.674e-17
   48   98   1.220e-15
   48   99   1.059e-15
   48  100   4.600e-16
   48  101   4.562e-17
   48  102   1.272e-16
   48  103   3.913e-17
   48  104   4.899e-17
   48  106   1.277e-17
   49  103   2.327e-17
   49  104   8.462e-17
   49  105   7.255e-18
   49  106   1.185e-16
   49  108   8.045e-18
   50  104   5.613e-18
   50  106   1.608e-16
   50  108   6.881e-17
   50  109   7.141e-18
   50  110   3.227e-16
   50  111   1.077e-16
   50  112   5.762e-17
   50  113   1.021e-16
   51  111   7.327e-17
   51  113   5.429e-16
   51  115   5.036e-17
   53  119   3.861e-17
   54  122   1.672e-16
   54  123   4.217e-17
   54  125   1.335e-17
   55  123   1.962e-16
   55  125   5.343e-16
   56  128   1.417e-16
   56  129   1.311e-16
   56  131   1.124e-17
   57  129   1.261e-15
   57  131   5.698e-16
   58  134   1.391e-16
   58  135   7.054e-17
   59  135   1.433e-15
   59  137   6.545e-17
   60  140   5.300e-15
   61  143   9.519e-13
   62  142   1.327e-10
   62  143   1.278e-11
   62  144   1.018e-13
   63  143   2.436e-11
   63  144   1.721e-16
   63  145   2.749e-15
   66  154   4.355e-13
   66  155   3.798e-15
   66  156   9.407e-16
   66  157   5.358e-17
   67  155   1.540e-13
   67  156   5.878e-17
   67  157   5.515e-16
   67  160   1.588e-17
   68  160   2.417e-14
   68  161   1.510e-16
   68  162   5.674e-16
   69  161   3.628e-15
   69  163   4.415e-16
   69  166   1.121e-17
   70  166   3.308e-14
   70  167   1.667e-16
   70  168   2.071e-16
   70  170   1.976e-17
   71  167   7.237e-15
   71  168   1.113e-17
   71  169   2.483e-16
   71  171   5.206e-15
   72  174   3.039e-14
   72  175   4.457e-17
   73  175   2.120e-14
   73  179   3.427e-17
   74  178   1.467e-13
   74  179   2.070e-15
   75  179   3.365e-14
   75  181   7.368e-17
   75  182   7.425e-17
   76  182   8.433e-14
   76  183   1.066e-16
   76  184   1.676e-16
   76  186   6.574e-16
   77  183   3.078e-15
   77  185   9.215e-17
   77  187   4.831e-17
   78  190   4.551e-13
   78  191   8.735e-16
   79  191   1.235e-13
   79  192   1.090e-17
   80  194   1.045e-12
   80  195   9.529e-16
   81  195   5.178e-14
   81  196   4.527e-17
   81  199   6.570e-16
   82  199   5.096e-14
   82  200   7.547e-17
   83  200   3.513e-16
