#   Z    A  M_ej/M_sun
    1    1   7.439e-03
    1    2   2.053e-11
    2    3   2.409e-13
    2    4   2.657e-01
    3    6   1.227e-13
    3    7   1.003e-11
    4    9   2.651e-10
    5   10   1.976e-08
    5   11   8.329e-11
    6   12   2.770e-01
    6   13   2.105e-08
    7   14   5.431e-08
    7   15   3.384e-07
    8   16   1.123e+00
    8   17   1.243e-08
    8   18   1.118e-06
    9   19   4.921e-08
   10   20   4.375e-02
   10   21   3.123e-06
   10   22   2.733e-07
   11   23   9.560e-06
   12   24   1.483e-02
   12   25   2.198e-06
   12   26   3.010e-06
   13   27   3.933e-05
   14   28   9.312e-02
   14   29   2.714e-05
   14   30   2.269e-05
   15   31   2.458e-05
   16   32   4.500e-02
   16   33   1.532e-05
   16   34   7.895e-06
   16   36   1.320e-06
   17   35   1.437e-05
   17   37   8.298e-06
   18   36   8.714e-03
   18   38   6.110e-06
   18   40   2.657e-06
   19   39   1.199e-05
   19   40   2.501e-10
   19   41   1.495e-05
   20   40   1.064e-02
   20   42   8.796e-06
   20   43   5.403e-06
   20   44   9.877e-05
   20   46   1.541e-05
   20   48   5.408e-03
   21   45   1.173e-05
   22   46   7.139e-06
   22   47   3.744e-05
   22   48   2.975e-04
   22   49   2.197e-04
   22   50   2.368e-03
   23   50   4.557e-09
   23   51   3.390e-04
   24   50   1.344e-05
   24   52   2.345e-03
   24   53   1.447e-04
   24   54   4.469e-03
   25   55   3.243e-04
   26   54   8.690e-05
   26   56   4.990e-01
   26   57   1.029e-02
   26   58   1.342e-02
   27   59   3.427e-03
   28   58   1.012e-01
   28   60   7.859e-02
   28   61   1.579e-03
   28   62   4.398e-02
   28   64   1.582e-02
   29   63   1.205e-03
   29   65   3.603e-04
   30   64   1.140e-02
   30   66   1.927e-02
   30   67   1.512e-04
   30   68   4.817e-03
   30   70   3.456e-04
   31   69   2.210e-04
   31   71   1.319e-04
   32   70   4.888e-04
   32   72   4.102e-04
   32   73   2.053e-04
   32   74   1.095e-03
   32   76   1.938e-03
   33   75   1.036e-04
   34   74   1.817e-05
   34   76   5.796e-05
   34   77   2.859e-04
   34   78   1.306e-03
   34   80   4.032e-03
   34   82   6.173e-03
   35   79   1.248e-03
   35   81   2.753e-03
   36   78   9.359e-07
   36   80   6.453e-06
   36   82   1.413e-05
   36   83   3.311e-03
   36   84   4.230e-03
   36   86   5.465e-03
   37   85   1.323e-03
   37   87   1.786e-03
   38   84   6.106e-07
   38   86   7.690e-06
   38   87   5.771e-06
   38   88   1.383e-02
   39   89   2.732e-03
   40   90   4.270e-03
   40   91   1.723e-03
   40   92   2.531e-03
   40   94   6.618e-04
   40   96   2.878e-04
   41   93   8.735e-04
   42   92   5.382e-05
   42   94   3.263e-05
   42   95   1.865e-04
   42   96   2.653e-08
   42   97   7.989e-05
   42   98   2.715e-04
   42  100   4.469e-04
   44   96   1.688e-06
   44   98   3.005e-07
   44   99   1.692e-05
   44  100   2.037e-07
   44  101   1.809e-04
   44  102   1.038e-03
   44  104   8.016e-04
   45  103   1.376e-03
   46  102   1.048e-07
   46  104   1.333e-07
   46  105   5.311e-04
   46  106   5.951e-04
   46  108   3.587e-04
   46  110   3.253e-04
   47  107   5.210e-04
   47  109   3.148e-04
   48  106   7.682e-08
   48  108   8.062e-08
   48  110   1.692e-07
   48  111   1.644e-04
   48  112   3.709e-04
   48  113   2.274e-04
   48  114   2.527e-04
   48  116   2.006e-04
   49  113   7.942e-08
   49  115   1.618e-04
   50  112   2.335e-07
   50  114   7.123e-08
   50  115   8.262e-08
   50  116   1.227e-08
   50  117   1.463e-04
   50  118   1.041e-04
   50  119   8.930e-05
   50  120   6.142e-05
   50  122   6.561e-05
   50  124   3.238e-05
   51  121   7.908e-05
   51  123   4.775e-05
   52  120   1.473e-08
   52  122   2.774e-08
   52  123   4.732e-09
   52  124   7.875e-10
   52  125   3.338e-05
   52  126   8.954e-05
   52  128   2.729e-04
   52  130   8.136e-04
   53  127   2.206e-04
   54  124   6.137e-08
   54  126   1.532e-08
   54  128   6.238e-08
   54  129   2.294e-04
   54  130   9.957e-11
   54  131   2.323e-04
   54  132   1.885e-04
   54  134   1.850e-05
   54  136   2.271e-05
   55  133   2.267e-05
   56  130   2.531e-08
   56  132   1.377e-09
   56  134   3.389e-08
   56  135   1.424e-05
   56  136   1.441e-09
   56  137   1.480e-05
   56  138   1.761e-05
   57  138   5.667e-10
   57  139   2.909e-05
   58  136   4.376e-09
   58  138   4.716e-09
   58  140   2.035e-05
   58  142   6.701e-06
   59  141   8.010e-06
   60  142   1.694e-08
   60  143   6.320e-06
   60  144   7.190e-06
   60  145   3.711e-06
   60  146   7.164e-06
   60  148   8.202e-06
   60  150   8.519e-06
   62  144   2.428e-08
   62  147   5.359e-06
   62  148   6.228e-11
   62  149   6.101e-06
   62  150   9.550e-12
   62  152   8.421e-06
   62  154   1.293e-05
   63  151   8.228e-06
   63  153   9.057e-06
   64  152   4.841e-09
   64  154   7.963e-09
   64  155   1.400e-05
   64  156   1.566e-05
   64  157   1.517e-05
   64  158   1.758e-05
   64  160   1.823e-05
   65  159   1.801e-05
   66  156   4.441e-09
   66  158   2.713e-09
   66  160   6.153e-09
   66  161   1.871e-05
   66  162   2.114e-05
   66  163   1.979e-05
   66  164   1.665e-05
   67  165   1.640e-05
   68  162   3.026e-09
   68  164   3.558e-09
   68  166   1.475e-05
   68  167   1.208e-05
   68  168   1.287e-05
   68  170   1.654e-05
   69  169   1.195e-05
   70  168   3.890e-09
   70  170   1.665e-11
   70  171   1.435e-05
   70  172   1.243e-05
   70  173   1.159e-05
   70  174   1.240e-05
   70  176   9.391e-06
   71  175   1.031e-05
   71  176   2.897e-11
   72  174   5.337e-09
   72  176   4.198e-11
   72  177   1.083e-05
   72  178   7.848e-06
   72  179   6.032e-06
   72  180   5.773e-06
   73  181   3.594e-06
   74  180   1.222e-11
   74  182   3.270e-06
   74  183   2.247e-06
   74  184   3.680e-06
   74  186   7.167e-06
   75  185   3.996e-06
   75  187   9.374e-06
   76  184   2.342e-11
   76  186   3.221e-11
   76  187   3.799e-12
   76  188   1.084e-05
   76  189   1.575e-05
   76  190   1.723e-05
   76  192   3.102e-05
   77  191   2.346e-05
   77  193   3.276e-05
   78  190   3.668e-11
   78  192   2.759e-12
   78  194   4.835e-05
   78  195   7.358e-05
   78  196   8.606e-05
   78  198   3.718e-05
   79  197   4.687e-05
   80  196   1.359e-12
   80  198   4.144e-13
   80  199   4.168e-05
   80  200   2.840e-05
   80  201   1.628e-05
   80  202   2.264e-06
   80  204   1.947e-07
   81  203   6.544e-07
   81  205   1.163e-07
   82  204   7.302e-15
   82  206   7.026e-06
   82  207   6.576e-06
   82  208   4.304e-06
   83  209   1.743e-05
   90  232   9.556e-06
   92  235   1.059e-05
   92  238   6.980e-06
