#   Z    A  M_ej/M_sun
    1    1   7.232e-06
    1    2   1.147e-07
    2    3   1.403e-08
    2    4   1.083e-03
    3    6   4.927e-14
    3    7   7.768e-12
    4    9   1.759e-08
    5   10   1.793e-09
    5   11   5.210e-10
    6   12   1.302e-08
    6   13   9.041e-09
    7   14   4.305e-08
    7   15   4.550e-09
    8   16   1.093e-07
    8   17   1.879e-08
    8   18   2.162e-07
    9   19   5.599e-08
   10   20   7.886e-08
   10   21   1.291e-06
   10   22   2.519e-08
   11   23   2.760e-08
   12   24   5.213e-07
   12   25   6.801e-08
   12   26   2.853e-08
   13   27   4.741e-08
   14   28   2.810e-08
   14   29   1.438e-08
   14   30   4.963e-08
   15   31   2.491e-08
   16   32   3.852e-08
   16   33   1.188e-07
   16   34   2.841e-07
   16   36   9.201e-08
   17   35   5.828e-08
   17   37   4.863e-08
   18   38   8.075e-08
   18   40   6.475e-07
   19   39   4.380e-07
   19   41   8.041e-07
   20   42   1.957e-07
   20   43   1.855e-07
   20   44   2.407e-07
   20   46   1.032e-06
   20   48   6.473e-05
   21   45   7.132e-08
   22   47   9.240e-07
   22   49   2.498e-04
   22   50   1.109e-04
   23   51   1.293e-03
   24   52   1.664e-04
   24   53   1.302e-04
   24   54   3.744e-04
   25   55   1.201e-05
   26   56   1.109e-04
   26   57   4.167e-05
   26   58   9.164e-05
   27   59   6.067e-05
   28   60   1.376e-04
   28   61   1.687e-04
   28   62   2.895e-04
   28   64   2.641e-04
   29   63   1.836e-04
   29   65   1.151e-04
   30   66   1.247e-04
   30   67   1.740e-04
   30   68   2.432e-04
   30   70   2.463e-04
   31   69   1.299e-04
   31   71   1.770e-04
   32   72   2.499e-04
   32   73   1.702e-04
   32   74   5.318e-04
   32   76   4.336e-04
   33   75   1.107e-04
   34   77   1.071e-04
   34   78   1.242e-03
   34   80   2.919e-03
   34   82   1.388e-03
   35   79   2.190e-03
   35   81   1.926e-03
   36   83   2.121e-03
   36   84   9.456e-04
   36   86   2.414e-03
   37   85   1.288e-03
   37   87   2.501e-03
   38   88   2.384e-03
   39   89   8.345e-04
   40   90   1.363e-03
   40   91   7.926e-04
   40   92   1.105e-03
   40   94   6.269e-04
   40   96   6.464e-04
   41   93   9.122e-04
   42   95   1.949e-04
   42   97   2.150e-04
   42   98   5.508e-04
   42  100   4.322e-04
   44   99   1.900e-04
   44  101   6.867e-04
   44  102   2.704e-03
   44  104   8.961e-04
   45  103   7.605e-04
   46  105   8.868e-04
   46  106   7.981e-04
   46  108   1.020e-03
   46  110   4.914e-04
   47  107   5.550e-04
   47  109   5.841e-04
   48  111   4.311e-04
   48  112   6.510e-04
   48  113   2.508e-04
   48  114   3.221e-04
   48  116   2.568e-04
   49  115   2.343e-04
   50  117   2.064e-04
   50  118   1.728e-04
   50  119   1.564e-04
   50  120   1.857e-04
   50  122   2.441e-04
   50  124   4.011e-04
   51  121   2.384e-04
   51  123   2.883e-04
   52  125   4.457e-04
   52  126   1.443e-03
   52  128   2.420e-03
   52  130   6.755e-03
   53  127   2.002e-03
   54  129   2.494e-03
   54  131   3.543e-03
   54  132   2.193e-03
   54  134   1.641e-04
   54  136   1.858e-04
   55  133   5.248e-04
   56  135   1.382e-04
   56  137   7.527e-05
   56  138   9.993e-05
   57  139   1.224e-04
   58  140   8.015e-05
   58  142   3.441e-05
   59  141   3.160e-05
   60  143   3.520e-05
   60  144   5.524e-05
   60  145   2.365e-05
   60  146   4.706e-05
   60  148   4.127e-05
   60  150   4.370e-05
   62  147   2.259e-05
   62  149   2.725e-05
   62  152   5.274e-05
   62  154   7.567e-05
   63  151   4.059e-05
   63  153   5.549e-05
   64  155   6.878e-05
   64  156   9.281e-05
   64  157   7.337e-05
   64  158   8.290e-05
   64  160   6.413e-05
   65  159   7.286e-05
   66  161   6.194e-05
   66  162   7.389e-05
   66  163   5.689e-05
   66  164   5.917e-05
   67  165   5.160e-05
   68  166   5.364e-05
   68  167   3.673e-05
   68  168   3.625e-05
   68  170   4.530e-05
   69  169   3.552e-05
   70  171   4.176e-05
   70  172   3.553e-05
   70  173   3.244e-05
   70  174   2.973e-05
   70  176   1.921e-05
   71  175   2.327e-05
   72  177   1.666e-05
   72  178   1.438e-05
   72  179   1.075e-05
   72  180   1.201e-05
   73  181   7.334e-06
   74  182   1.025e-05
   74  183   8.490e-06
   74  184   1.624e-05
   74  186   3.100e-05
   75  185   2.134e-05
   75  187   3.827e-05
   76  188   3.885e-05
   76  189   4.867e-05
   76  190   5.134e-05
   76  192   6.706e-05
   77  191   6.109e-05
   77  193   5.514e-05
   78  194   7.265e-05
   78  195   6.327e-05
   78  196   6.075e-05
   78  198   2.098e-05
   79  197   4.353e-05
   80  199   1.827e-05
   80  200   9.124e-06
   80  201   5.543e-06
   80  202   1.334e-06
   80  204   5.824e-07
   81  203   9.044e-07
   81  205   3.152e-07
   82  206   5.186e-06
   82  207   6.055e-06
   82  208   3.268e-06
   83  209   9.402e-06
   90  232   4.645e-06
   92  235   1.284e-06
   92  238   2.455e-06
