#   Z    A  M_ej/M_sun
    0    1   6.464e-06
    1    1   7.152e-07
    1    2   1.147e-07
    1    3   1.402e-08
    2    3   3.019e-13
    2    4   1.079e-03
    3    6   4.920e-14
    3    7   7.756e-12
    3    8   3.068e-13
    4    7   6.308e-18
    4    9   1.753e-08
    4   10   1.784e-09
    4   11   5.510e-12
    5   10   1.951e-16
    5   11   5.137e-10
    6   11   2.486e-19
    6   12   1.302e-08
    6   13   9.033e-09
    6   14   4.302e-08
    6   15   7.516e-19
    6   16   3.830e-08
    7   13   1.765e-13
    7   14   2.078e-11
    7   15   4.543e-09
    7   16   4.040e-09
    7   17   8.333e-09
    8   14   8.622e-18
    8   15   1.253e-18
    8   16   6.695e-08
    8   17   1.046e-08
    8   18   2.161e-07
    8   19   4.823e-09
    8   20   6.333e-10
    8   21   1.098e-13
    8   22   1.071e-17
    9   17   1.188e-19
    9   18   4.552e-14
    9   19   5.117e-08
    9   20   1.821e-09
    9   21   6.825e-12
    9   22   2.167e-14
    9   23   1.232e-18
   10   20   7.620e-08
   10   21   1.291e-06
   10   22   2.519e-08
   10   23   4.732e-09
   10   24   3.703e-07
   11   21   9.395e-18
   11   22   2.988e-14
   11   23   2.280e-08
   11   24   1.483e-07
   11   25   1.798e-08
   11   26   4.855e-19
   12   24   7.915e-10
   12   25   4.978e-08
   12   26   2.850e-08
   12   27   4.187e-08
   12   28   2.756e-08
   12   29   1.245e-18
   13   25   1.841e-18
   13   26   2.666e-14
   13   27   5.416e-09
   13   28   5.019e-11
   13   29   1.178e-08
   13   30   7.551e-15
   14   28   4.391e-10
   14   29   2.581e-09
   14   30   4.957e-08
   14   31   2.463e-08
   14   32   3.826e-08
   14   33   5.281e-12
   14   34   7.493e-16
   15   30   1.576e-12
   15   31   2.490e-10
   15   32   2.438e-12
   15   33   1.186e-07
   15   34   1.970e-09
   15   35   1.406e-08
   15   36   1.996e-12
   15   37   5.749e-18
   16   32   2.305e-10
   16   33   4.790e-11
   16   34   2.820e-07
   16   35   4.402e-08
   16   36   9.170e-08
   16   37   3.899e-08
   16   38   7.846e-08
   16   39   1.659e-09
   16   40   4.961e-10
   16   41   5.626e-18
   17   35   1.505e-10
   17   36   1.038e-11
   17   37   9.586e-09
   17   38   5.212e-10
   17   39   4.285e-07
   17   40   3.118e-07
   17   41   1.462e-07
   17   42   2.609e-11
   17   43   3.820e-15
   18   36   2.656e-10
   18   37   2.311e-11
   18   38   1.706e-09
   18   39   7.434e-09
   18   40   3.347e-07
   18   41   6.533e-07
   18   42   1.938e-07
   18   43   1.513e-07
   18   44   2.183e-07
   18   45   3.292e-09
   18   46   6.133e-10
   19   38   2.682e-14
   19   39   2.828e-10
   19   40   7.717e-12
   19   41   4.346e-09
   19   42   4.663e-12
   19   43   3.404e-08
   19   44   2.141e-08
   19   45   6.386e-08
   19   46   5.853e-07
   19   47   2.278e-08
   19   48   6.944e-09
   19   49   2.281e-07
   19   50   2.312e-19
   20   40   2.212e-10
   20   41   2.434e-11
   20   42   1.864e-09
   20   43   1.429e-10
   20   44   7.987e-10
   20   45   3.158e-09
   20   46   4.442e-07
   20   47   9.006e-07
   20   48   6.472e-05
   20   49   2.227e-04
   20   50   1.056e-06
   20   51   2.359e-06
   20   52   5.303e-10
   21   43   2.062e-11
   21   44   3.301e-11
   21   45   9.233e-10
   21   46   3.292e-11
   21   47   1.524e-10
   21   48   2.650e-11
   21   49   2.666e-05
   21   50   6.463e-05
   21   51   2.620e-05
   21   52   1.793e-07
   21   53   3.253e-14
   22   44   7.339e-11
   22   45   5.459e-11
   22   46   1.783e-09
   22   47   3.923e-10
   22   48   1.268e-09
   22   49   2.511e-07
   22   50   4.522e-05
   22   51   1.104e-03
   22   52   9.672e-05
   22   53   1.809e-05
   22   54   4.182e-15
   23   47   2.625e-11
   23   48   6.319e-10
   23   49   1.459e-09
   23   50   1.136e-10
   23   51   1.601e-04
   23   52   6.038e-05
   23   53   7.102e-05
   23   54   9.974e-05
   23   55   1.192e-09
   23   56   1.603e-20
   24   48   5.124e-12
   24   49   3.863e-11
   24   50   1.068e-09
   24   51   1.823e-09
   24   52   9.142e-06
   24   53   4.108e-05
   24   54   2.747e-04
   24   55   8.983e-06
   24   56   9.143e-05
   24   57   1.825e-06
   24   58   1.329e-08
   24   59   6.313e-19
   25   51   2.115e-11
   25   52   1.619e-10
   25   53   7.860e-10
   25   54   9.766e-10
   25   55   3.027e-06
   25   56   1.932e-05
   25   57   2.254e-05
   25   58   9.965e-09
   25   59   2.043e-10
   25   60   3.749e-20
   26   52   5.623e-13
   26   53   3.072e-12
   26   54   1.243e-09
   26   55   2.023e-09
   26   56   1.281e-07
   26   57   1.730e-05
   26   58   9.161e-05
   26   59   6.060e-05
   26   60   1.330e-04
   26   61   1.391e-04
   26   62   8.789e-05
   26   63   8.532e-09
   26   64   1.734e-15
   27   55   1.157e-12
   27   56   1.100e-11
   27   57   1.126e-09
   27   58   8.047e-10
   27   59   6.356e-08
   27   60   2.301e-09
   27   61   2.895e-05
   27   62   9.732e-05
   27   63   2.064e-05
   27   64   9.302e-16
   28   56   9.739e-15
   28   57   1.092e-12
   28   58   1.471e-09
   28   59   6.809e-09
   28   60   4.653e-06
   28   61   7.161e-07
   28   62   1.043e-04
   28   63   1.624e-04
   28   64   2.636e-04
   28   65   1.128e-04
   28   66   1.122e-04
   28   67   7.662e-06
   28   68   2.366e-05
   28   69   4.256e-07
   28   70   9.541e-09
   28   71   1.282e-13
   28   72   8.984e-18
   29   59   4.071e-15
   29   60   5.606e-13
   29   61   7.496e-10
   29   62   1.064e-09
   29   63   5.868e-07
   29   64   3.305e-08
   29   65   2.134e-06
   29   66   4.246e-08
   29   67   1.662e-04
   29   68   5.681e-05
   29   69   9.259e-05
   29   70   6.177e-05
   29   71   6.765e-06
   29   72   2.962e-08
   29   73   1.906e-10
   29   74   4.307e-17
   29   75   1.590e-20
   30   60   5.388e-19
   30   61   1.270e-16
   30   62   9.127e-12
   30   63   3.660e-11
   30   64   4.107e-07
   30   65   1.002e-07
   30   66   1.250e-05
   30   67   1.350e-07
   30   68   1.627e-04
   30   69   3.638e-05
   30   70   1.840e-04
   30   71   1.224e-04
   30   72   2.479e-04
   30   73   1.259e-05
   30   74   2.657e-04
   30   75   2.461e-07
   30   76   1.170e-08
   30   77   2.499e-15
   30   78   2.638e-17
   31   63   6.192e-19
   31   64   2.185e-16
   31   65   1.093e-11
   31   66   9.737e-12
   31   67   1.108e-08
   31   68   1.668e-09
   31   69   5.115e-07
   31   70   2.206e-09
   31   71   4.789e-05
   31   72   9.081e-08
   31   73   1.572e-04
   31   74   2.455e-04
   31   75   7.044e-05
   31   76   6.700e-05
   31   77   9.769e-07
   31   78   1.645e-08
   31   79   1.646e-11
   31   80   8.331e-16
   31   81   3.437e-18
   32   66   5.746e-15
   32   67   3.783e-14
   32   68   2.829e-09
   32   69   8.581e-10
   32   70   4.649e-07
   32   71   1.277e-08
   32   72   1.804e-06
   32   73   4.223e-07
   32   74   2.054e-05
   32   75   3.968e-05
   32   76   3.663e-04
   32   77   1.053e-04
   32   78   1.227e-03
   32   79   8.573e-05
   32   80   3.233e-04
   32   81   6.399e-07
   32   82   3.529e-09
   32   83   4.737e-15
   32   84   3.850e-20
   33   68   1.560e-19
   33   69   1.724e-14
   33   70   7.815e-14
   33   71   7.006e-11
   33   72   1.770e-11
   33   73   1.429e-08
   33   74   7.439e-10
   33   75   3.090e-07
   33   76   1.205e-09
   33   77   8.147e-07
   33   78   1.431e-05
   33   79   1.925e-03
   33   80   2.951e-04
   33   81   3.445e-04
   33   82   5.636e-05
   33   83   2.012e-05
   33   84   8.133e-10
   33   85   8.378e-09
   33   86   1.584e-18
   33   87   1.392e-20
   34   70   4.487e-18
   34   71   2.337e-17
   34   72   5.037e-12
   34   73   7.189e-12
   34   74   7.133e-09
   34   75   2.649e-09
   34   76   2.173e-07
   34   77   8.031e-09
   34   78   7.143e-07
   34   79   1.790e-04
   34   80   2.301e-03
   34   81   1.525e-03
   34   82   1.331e-03
   34   83   2.015e-03
   34   84   6.758e-04
   34   85   1.916e-04
   34   86   2.387e-05
   34   87   4.741e-08
   34   88   2.459e-14
   34   89   8.301e-16
   34   90   2.020e-16
   34   91   1.140e-16
   34   92   5.825e-18
   35   73   8.797e-18
   35   74   1.650e-16
   35   75   5.486e-13
   35   76   4.652e-13
   35   77   6.629e-10
   35   78   2.604e-11
   35   79   1.633e-08
   35   80   1.220e-09
   35   81   5.558e-05
   35   82   2.422e-08
   35   83   8.534e-05
   35   84   2.609e-04
   35   85   8.591e-04
   35   86   8.071e-04
   35   87   8.340e-04
   35   88   5.099e-05
   35   89   6.936e-09
   35   90   1.011e-12
   35   91   2.156e-14
   35   92   1.495e-15
   35   93   5.377e-16
   35   94   2.403e-17
   35   95   1.193e-19
   36   75   3.803e-20
   36   76   5.302e-15
   36   77   5.155e-14
   36   78   8.249e-11
   36   79   7.238e-11
   36   80   4.855e-09
   36   81   9.153e-10
   36   82   1.057e-07
   36   83   3.165e-07
   36   84   8.880e-06
   36   85   2.372e-04
   36   86   1.583e-03
   36   87   1.606e-03
   36   88   2.036e-03
   36   89   5.799e-04
   36   90   1.802e-04
   36   91   5.455e-07
   36   92   2.456e-13
   36   93   1.174e-13
   36   94   1.258e-14
   36   95   6.402e-16
   36   96   2.139e-16
   36   97   1.165e-17
   36   98   9.661e-20
   37   78   3.859e-19
   37   79   2.629e-15
   37   80   3.632e-15
   37   81   3.409e-12
   37   82   2.803e-13
   37   83   1.075e-09
   37   84   5.227e-10
   37   85   2.851e-08
   37   86   3.113e-08
   37   87   6.039e-05
   37   88   1.101e-05
   37   89   2.296e-04
   37   90   8.731e-04
   37   91   2.915e-04
   37   92   4.028e-09
   37   93   4.181e-08
   37   94   7.232e-12
   37   95   6.161e-14
   37   96   1.859e-14
   37   97   6.281e-15
   37   98   3.862e-16
   37   99   3.429e-17
   37  100   2.163e-18
   38   80   2.300e-17
   38   81   4.056e-17
   38   82   2.299e-13
   38   83   1.322e-12
   38   84   1.194e-10
   38   85   2.145e-10
   38   86   8.924e-08
   38   87   1.428e-07
   38   88   2.867e-04
   38   89   1.246e-05
   38   90   2.967e-04
   38   91   4.998e-04
   38   92   1.098e-03
   38   93   7.948e-04
   38   94   2.642e-04
   38   95   1.215e-05
   38   96   3.619e-13
   38   97   1.186e-13
   38   98   1.271e-13
   38   99   2.235e-14
   38  100   6.414e-15
   38  101   3.725e-16
   38  102   4.707e-17
   38  103   1.167e-19
   39   83   2.522e-18
   39   84   4.714e-17
   39   85   1.307e-14
   39   86   1.178e-13
   39   87   1.901e-10
   39   88   2.630e-09
   39   89   1.248e-05
   39   90   3.975e-08
   39   91   6.299e-07
   39   92   7.178e-06
   39   93   1.173e-04
   39   94   3.504e-04
   39   95   1.687e-04
   39   96   1.054e-08
   39   97   5.588e-11
   39   98   2.008e-13
   39   99   4.712e-13
   39  100   1.639e-13
   39  101   6.189e-14
   39  102   1.506e-14
   39  103   1.201e-15
   39  104   1.647e-16
   39  105   8.177e-18
   40   86   2.699e-16
   40   87   3.074e-15
   40   88   7.059e-11
   40   89   2.497e-09
   40   90   1.314e-05
   40   91   1.076e-07
   40   92   6.436e-08
   40   93   1.096e-07
   40   94   1.228e-05
   40   95   1.395e-05
   40   96   6.464e-04
   40   97   2.147e-04
   40   98   6.434e-05
   40   99   8.523e-13
   40  100   8.037e-08
   40  101   1.019e-12
   40  102   1.776e-11
   40  103   2.877e-13
   40  104   1.140e-13
   40  105   2.846e-14
   40  106   9.092e-16
   40  107   1.225e-16
   40  108   8.691e-18
   41   88   1.591e-20
   41   89   2.588e-15
   41   90   5.015e-13
   41   91   1.136e-08
   41   92   1.661e-10
   41   93   4.443e-10
   41   94   7.484e-12
   41   95   1.141e-10
   41   96   3.091e-11
   41   97   2.310e-07
   41   98   6.610e-06
   41   99   3.188e-06
   41  100   2.153e-08
   41  101   1.744e-07
   41  102   1.080e-08
   41  103   6.931e-13
   41  104   5.982e-09
   41  105   1.201e-11
   41  106   1.638e-13
   41  107   2.912e-14
   41  108   6.090e-15
   41  109   2.957e-16
   41  110   3.407e-17
   41  111   2.832e-20
   42   90   1.748e-17
   42   91   1.976e-15
   42   92   1.299e-09
   42   93   1.420e-10
   42   94   7.548e-10
   42   95   1.481e-11
   42   96   1.744e-11
   42   97   1.805e-09
   42   98   4.798e-04
   42   99   1.868e-04
   42  100   4.321e-04
   42  101   6.418e-04
   42  102   2.470e-03
   42  103   2.904e-04
   42  104   3.197e-04
   42  105   1.490e-04
   42  106   6.651e-07
   42  107   5.713e-11
   42  108   4.266e-13
   42  109   1.253e-13
   42  110   2.242e-14
   42  111   1.498e-15
   42  112   2.887e-16
   42  113   1.016e-17
   43   92   1.073e-20
   43   93   1.061e-14
   43   94   1.152e-14
   43   95   3.044e-13
   43   96   3.883e-14
   43   97   1.070e-13
   43   98   2.437e-15
   43   99   4.026e-08
   43  100   1.715e-14
   43  101   4.307e-05
   43  102   1.939e-05
   43  103   2.453e-04
   43  104   5.569e-04
   43  105   6.722e-04
   43  106   1.638e-04
   43  107   2.968e-05
   43  108   1.251e-08
   43  109   5.838e-13
   43  110   4.652e-13
   43  111   1.034e-13
   43  112   3.680e-14
   43  113   7.889e-15
   43  114   3.579e-16
   43  115   5.410e-17
   43  116   1.370e-19
   44   94   1.825e-17
   44   95   5.995e-17
   44   96   1.175e-14
   44   97   3.281e-15
   44   98   6.218e-14
   44   99   2.167e-15
   44  100   2.049e-13
   44  101   1.626e-06
   44  102   2.146e-04
   44  103   2.248e-04
   44  104   1.948e-05
   44  105   6.542e-05
   44  106   6.335e-04
   44  107   4.267e-04
   44  108   8.120e-04
   44  109   8.707e-05
   44  110   2.139e-06
   44  111   1.693e-12
   44  112   1.190e-12
   44  113   3.271e-13
   44  114   1.114e-13
   44  115   2.236e-14
   44  116   1.463e-15
   44  117   2.967e-16
   44  118   2.373e-17
   45   97   6.413e-20
   45   98   2.294e-20
   45   99   9.262e-18
   45  100   2.372e-19
   45  101   1.482e-17
   45  102   1.255e-19
   45  103   1.826e-09
   45  104   2.735e-15
   45  105   1.078e-07
   45  106   3.945e-10
   45  107   9.648e-05
   45  108   5.115e-05
   45  109   2.935e-04
   45  110   7.462e-07
   45  111   1.656e-06
   45  112   3.045e-09
   45  113   3.446e-12
   45  114   1.173e-12
   45  115   4.173e-13
   45  116   1.376e-13
   45  117   6.651e-14
   45  118   2.394e-14
   45  119   9.587e-15
   45  120   3.929e-16
   45  121   1.542e-15
   45  122   3.900e-16
   45  123   2.343e-16
   45  124   7.078e-17
   45  125   5.988e-19
   46  100   5.606e-20
   46  101   4.123e-20
   46  102   1.535e-18
   46  103   1.924e-19
   46  104   2.937e-15
   46  105   1.637e-11
   46  106   3.725e-10
   46  107   2.107e-06
   46  108   1.566e-04
   46  109   2.033e-04
   46  110   4.885e-04
   46  111   4.127e-04
   46  112   6.504e-04
   46  113   1.254e-04
   46  114   2.043e-04
   46  115   1.721e-05
   46  116   1.181e-06
   46  117   2.949e-10
   46  118   7.994e-13
   46  119   3.088e-13
   46  120   1.913e-13
   46  121   8.167e-14
   46  122   1.184e-13
   46  123   8.212e-14
   46  124   2.164e-14
   46  125   3.525e-14
   46  126   3.297e-14
   46  127   3.456e-16
   46  128   1.388e-18
   47  107   2.038e-19
   47  109   1.199e-07
   47  110   1.415e-13
   47  111   1.666e-05
   47  112   5.332e-07
   47  113   1.251e-04
   47  114   6.694e-06
   47  115   2.086e-04
   47  116   2.017e-04
   47  117   8.678e-05
   47  118   9.330e-11
   47  119   6.305e-06
   47  120   8.748e-13
   47  121   7.204e-13
   47  122   7.791e-13
   47  123   4.583e-13
   47  124   3.001e-13
   47  125   2.524e-13
   47  126   1.355e-13
   47  127   9.517e-14
   47  128   4.343e-14
   47  129   3.563e-14
   47  130   3.719e-17
   47  131   2.543e-19
   48  110   3.378e-13
   48  111   7.759e-10
   48  112   1.524e-09
   48  113   2.417e-07
   48  114   1.111e-04
   48  115   8.471e-06
   48  116   5.381e-05
   48  117   1.191e-04
   48  118   1.692e-04
   48  119   1.105e-04
   48  120   5.076e-05
   48  121   2.118e-06
   48  122   2.982e-09
   48  123   5.421e-12
   48  124   5.207e-12
   48  125   2.841e-12
   48  126   2.144e-12
   48  127   1.061e-12
   48  128   7.634e-13
   48  129   7.328e-13
   48  130   3.128e-13
   48  131   7.643e-14
   48  132   2.562e-13
   48  133   3.683e-14
   48  134   5.466e-15
   49  115   1.233e-09
   49  116   3.896e-16
   49  117   4.969e-07
   49  118   2.806e-07
   49  119   3.245e-05
   49  120   3.276e-06
   49  121   2.881e-05
   49  122   1.195e-09
   49  123   2.331e-08
   49  124   2.564e-11
   49  125   1.380e-11
   49  126   1.117e-11
   49  127   8.470e-12
   49  128   5.586e-12
   49  129   3.601e-12
   49  130   1.329e-12
   49  131   1.101e-12
   49  132   6.942e-13
   49  133   3.802e-12
   49  134   9.852e-13
   49  135   1.950e-13
   49  136   2.422e-14
   49  137   8.596e-15
   50  116   2.350e-15
   50  117   4.669e-09
   50  118   3.279e-06
   50  119   7.158e-06
   50  120   1.317e-04
   50  121   2.074e-04
   50  122   2.440e-04
   50  123   2.883e-04
   50  124   4.011e-04
   50  125   4.456e-04
   50  126   1.443e-03
   50  127   1.984e-03
   50  128   2.374e-03
   50  129   1.506e-03
   50  130   4.976e-03
   50  131   1.063e-03
   50  132   4.039e-04
   50  133   8.791e-12
   50  134   7.106e-12
   50  135   4.597e-12
   50  136   1.976e-12
   50  137   1.827e-12
   50  138   2.081e-13
   50  139   9.474e-14
   50  140   3.034e-14
   51  121   8.402e-08
   51  122   3.394e-13
   51  123   1.551e-09
   51  124   1.347e-14
   51  125   3.517e-08
   51  126   6.036e-13
   51  127   1.776e-05
   51  128   4.584e-05
   51  129   9.853e-04
   51  130   1.751e-03
   51  131   2.406e-03
   51  132   1.381e-03
   51  133   3.241e-04
   51  134   6.522e-12
   51  135   2.053e-11
   51  136   9.330e-12
   51  137   9.189e-12
   51  138   1.078e-11
   51  139   8.783e-12
   51  140   7.170e-13
   51  141   3.611e-13
   51  142   9.825e-14
   51  143   4.075e-14
   52  122   5.771e-17
   52  124   1.203e-19
   52  125   1.366e-14
   52  126   3.288e-17
   52  127   1.847e-09
   52  128   4.937e-08
   52  129   2.341e-06
   52  130   2.736e-05
   52  131   7.246e-05
   52  132   4.073e-04
   52  133   1.909e-04
   52  134   1.597e-04
   52  135   4.876e-06
   52  136   4.960e-06
   52  137   3.039e-11
   52  138   1.777e-11
   52  139   4.849e-12
   52  140   3.172e-12
   52  141   1.453e-12
   52  142   1.301e-12
   52  143   5.123e-13
   52  144   4.046e-13
   52  145   1.065e-13
   52  146   4.019e-14
   53  127   1.298e-12
   53  128   5.043e-18
   53  129   1.392e-08
   53  130   6.762e-14
   53  131   1.275e-06
   53  132   4.119e-08
   53  133   9.722e-06
   53  134   4.274e-06
   53  135   1.329e-04
   53  136   9.940e-05
   53  137   6.790e-06
   53  138   1.346e-08
   53  139   5.176e-11
   53  140   1.677e-11
   53  141   8.835e-12
   53  142   4.363e-12
   53  143   2.603e-12
   53  144   1.700e-12
   53  145   2.164e-12
   53  146   8.519e-13
   53  147   4.951e-13
   53  148   1.173e-13
   53  149   3.867e-14
   54  128   1.031e-19
   54  130   5.184e-17
   54  131   3.596e-11
   54  132   1.011e-10
   54  133   3.234e-09
   54  134   4.708e-08
   54  135   2.808e-07
   54  136   8.133e-05
   54  137   5.616e-05
   54  138   9.298e-05
   54  139   2.437e-05
   54  140   7.320e-07
   54  141   2.974e-11
   54  142   2.664e-11
   54  143   1.568e-11
   54  144   1.342e-11
   54  145   3.844e-12
   54  146   4.999e-12
   54  147   2.490e-12
   54  148   1.869e-12
   54  149   8.485e-13
   54  150   3.010e-13
   54  151   7.425e-14
   54  152   1.821e-14
   55  133   1.346e-13
   55  134   7.136e-19
   55  135   2.414e-10
   55  136   3.875e-16
   55  137   1.221e-05
   55  138   6.721e-06
   55  139   9.078e-05
   55  140   3.467e-05
   55  141   2.361e-06
   55  142   3.785e-11
   55  143   5.758e-11
   55  144   3.584e-11
   55  145   1.488e-11
   55  146   1.345e-11
   55  147   1.040e-11
   55  148   6.696e-12
   55  149   6.939e-12
   55  150   3.055e-12
   55  151   1.834e-12
   55  152   7.068e-13
   55  153   2.263e-13
   55  154   5.107e-14
   56  137   3.569e-13
   56  138   1.072e-07
   56  139   7.055e-06
   56  140   4.464e-05
   56  141   2.789e-05
   56  142   3.096e-05
   56  143   4.398e-07
   56  144   2.035e-07
   56  145   1.379e-10
   56  146   8.321e-11
   56  147   3.045e-11
   56  148   3.021e-11
   56  149   1.213e-11
   56  150   1.193e-11
   56  151   6.956e-12
   56  152   4.695e-12
   56  153   1.851e-12
   56  154   8.706e-13
   56  155   2.815e-13
   56  156   7.137e-14
   56  157   2.358e-14
   57  139   3.704e-08
   57  140   1.370e-09
   57  141   1.219e-06
   57  142   3.348e-06
   57  143   3.255e-05
   57  144   1.476e-05
   57  145   2.014e-06
   57  146   4.844e-09
   57  147   1.657e-10
   57  148   6.339e-11
   57  149   3.880e-11
   57  150   3.801e-11
   57  151   2.504e-11
   57  152   1.264e-11
   57  153   1.188e-11
   57  154   5.572e-12
   57  155   2.642e-12
   57  156   1.439e-12
   57  157   4.658e-13
   57  158   1.464e-13
   57  159   4.831e-14
   58  140   2.118e-13
   58  141   2.391e-09
   58  142   2.110e-08
   58  143   2.089e-06
   58  144   4.018e-05
   58  145   1.691e-05
   58  146   4.363e-05
   58  147   7.450e-06
   58  148   1.273e-05
   58  149   6.600e-10
   58  150   2.213e-10
   58  151   7.290e-11
   58  152   5.707e-11
   58  153   3.274e-11
   58  154   2.420e-11
   58  155   1.573e-11
   58  156   6.333e-12
   58  157   4.490e-12
   58  158   1.680e-12
   58  159   6.073e-13
   58  160   2.574e-13
   58  161   6.580e-14
   59  141   1.698e-14
   59  143   5.169e-10
   59  144   5.840e-11
   59  145   4.638e-06
   59  146   3.267e-06
   59  147   1.436e-05
   59  148   2.138e-05
   59  149   1.730e-05
   59  150   8.128e-09
   59  151   1.426e-06
   59  152   1.643e-10
   59  153   2.475e-10
   59  154   8.340e-11
   59  155   4.098e-11
   59  156   1.730e-11
   59  157   9.138e-12
   59  158   6.086e-12
   59  159   2.726e-12
   59  160   1.573e-12
   59  161   7.303e-13
   59  162   2.140e-13
   59  163   9.044e-14
   59  164   2.341e-14
   60  143   9.177e-15
   60  144   1.319e-12
   60  145   5.918e-09
   60  146   7.191e-08
   60  147   7.023e-07
   60  148   7.075e-06
   60  149   9.828e-06
   60  150   4.362e-05
   60  151   3.659e-05
   60  152   4.802e-05
   60  153   8.024e-06
   60  154   6.535e-06
   60  155   7.224e-08
   60  156   1.015e-09
   60  157   7.222e-11
   60  158   2.926e-11
   60  159   1.824e-11
   60  160   6.356e-12
   60  161   2.906e-12
   60  162   2.334e-12
   60  163   8.263e-13
   60  164   3.694e-13
   60  165   1.069e-13
   60  166   5.134e-14
   61  147   1.827e-11
   61  148   2.305e-19
   61  149   5.469e-08
   61  150   4.509e-16
   61  151   2.516e-06
   61  152   4.085e-06
   61  153   4.153e-05
   61  154   5.227e-05
   61  155   1.793e-05
   61  156   9.122e-07
   61  157   2.551e-07
   61  158   6.578e-10
   61  159   2.820e-11
   61  160   2.388e-11
   61  161   1.030e-11
   61  162   4.811e-12
   61  163   4.562e-12
   61  164   1.481e-12
   61  165   7.970e-13
   61  166   2.796e-13
   61  167   1.952e-13
   61  168   4.832e-14
   62  147   4.064e-18
   62  149   6.601e-12
   62  150   3.160e-18
   62  151   7.012e-10
   62  152   5.739e-07
   62  153   5.887e-06
   62  154   1.682e-05
   62  155   4.934e-05
   62  156   9.172e-05
   62  157   6.521e-05
   62  158   6.816e-05
   62  159   3.357e-07
   62  160   1.105e-07
   62  161   4.105e-10
   62  162   2.845e-11
   62  163   1.002e-11
   62  164   1.179e-11
   62  165   4.055e-12
   62  166   1.844e-12
   62  167   4.735e-13
   62  168   4.865e-13
   62  169   1.328e-13
   62  170   7.513e-14
   63  151   5.002e-18
   63  153   9.206e-10
   63  154   1.444e-16
   63  155   1.385e-06
   63  156   1.389e-07
   63  157   7.858e-06
   63  158   1.452e-05
   63  159   6.892e-05
   63  160   1.530e-05
   63  161   6.111e-06
   63  162   2.464e-07
   63  163   2.213e-08
   63  164   1.294e-10
   63  165   1.510e-11
   63  166   4.347e-12
   63  167   2.679e-12
   63  168   8.724e-13
   63  169   1.021e-12
   63  170   3.117e-13
   63  171   1.561e-13
   63  172   6.518e-14
   64  155   2.188e-13
   64  156   2.982e-12
   64  157   4.340e-09
   64  158   1.768e-07
   64  159   3.564e-06
   64  160   4.869e-05
   64  161   4.589e-05
   64  162   6.598e-05
   64  163   2.418e-05
   64  164   1.514e-05
   64  165   1.474e-07
   64  166   3.496e-10
   64  167   1.033e-09
   64  168   6.233e-12
   64  169   1.961e-12
   64  170   2.029e-12
   64  171   4.862e-13
   64  172   4.298e-13
   64  173   1.364e-13
   64  174   8.918e-14
   65  159   1.604e-09
   65  160   2.197e-16
   65  161   9.907e-06
   65  162   7.150e-06
   65  163   3.170e-05
   65  164   3.555e-05
   65  165   3.341e-05
   65  166   4.944e-06
   65  167   1.814e-06
   65  168   2.469e-08
   65  169   1.046e-10
   65  170   3.074e-12
   65  171   6.092e-12
   65  172   8.159e-13
   65  173   3.678e-13
   65  174   1.461e-13
   66  161   4.459e-10
   66  162   4.839e-07
   66  163   9.715e-07
   66  164   8.458e-06
   66  165   1.795e-05
   66  166   4.867e-05
   66  167   3.087e-05
   66  168   3.241e-05
   66  169   7.388e-06
   66  170   1.754e-05
   66  171   3.539e-09
   66  172   1.537e-08
   66  173   1.396e-12
   66  174   6.897e-13
   67  165   6.822e-08
   67  166   7.272e-09
   67  167   4.023e-06
   67  168   3.217e-06
   67  169   2.443e-05
   67  170   2.207e-05
   67  171   1.406e-05
   67  172   3.757e-06
   67  173   2.591e-06
   67  174   3.254e-10
   67  175   3.899e-11
   67  176   1.009e-18
   68  166   1.956e-12
   68  167   1.011e-08
   68  168   5.924e-07
   68  169   3.699e-06
   68  170   5.677e-06
   68  171   2.766e-05
   68  172   3.174e-05
   68  173   1.760e-05
   68  174   2.156e-05
   68  175   9.748e-06
   68  176   1.712e-06
   68  177   1.089e-07
   68  178   1.914e-10
   68  179   6.061e-13
   68  180   8.188e-18
   69  169   1.167e-10
   69  170   7.997e-18
   69  171   3.712e-08
   69  172   7.539e-09
   69  173   1.222e-05
   69  174   7.366e-06
   69  175   1.297e-05
   69  176   1.180e-05
   69  177   6.588e-06
   69  178   1.374e-07
   69  179   4.774e-09
   69  180   1.372e-12
   69  181   3.138e-15
   70  171   1.428e-14
   70  172   8.309e-13
   70  173   1.211e-08
   70  174   7.966e-07
   70  175   5.403e-07
   70  176   5.694e-06
   70  177   9.910e-06
   70  178   1.407e-05
   70  179   9.533e-06
   70  180   7.757e-06
   70  181   1.535e-06
   70  182   8.479e-08
   70  183   2.255e-10
   70  184   1.765e-11
   70  186   1.523e-14
   70  187   4.853e-16
   71  175   3.628e-11
   71  176   1.635e-19
   71  177   4.938e-08
   71  178   1.600e-07
   71  179   1.210e-06
   71  180   3.843e-06
   71  181   4.770e-06
   71  182   6.512e-06
   71  183   2.972e-06
   71  184   6.727e-07
   71  185   5.925e-08
   71  186   1.430e-10
   71  187   3.215e-12
   71  188   2.622e-18
   71  189   6.337e-18
   72  177   1.941e-12
   72  178   2.662e-09
   72  179   2.275e-09
   72  180   4.076e-07
   72  181   1.026e-06
   72  182   3.644e-06
   72  183   5.456e-06
   72  184   1.550e-05
   72  185   1.625e-05
   72  186   2.095e-05
   72  187   1.492e-09
   72  188   8.064e-06
   72  189   6.414e-08
   72  190   5.116e-08
   72  191   7.895e-15
   72  192   1.702e-13
   73  181   7.422e-12
   73  182   4.756e-19
   73  183   5.634e-08
   73  184   5.003e-08
   73  185   4.960e-06
   73  186   9.501e-06
   73  187   2.516e-05
   73  188   5.915e-06
   73  189   4.548e-07
   73  190   7.277e-08
   73  191   3.956e-07
   73  192   7.132e-13
   73  193   6.223e-11
   73  194   1.128e-17
   74  183   3.079e-12
   74  184   4.356e-11
   74  185   5.337e-08
   74  186   5.207e-07
   74  187   1.306e-05
   74  188   2.483e-05
   74  189   4.460e-05
   74  190   4.963e-05
   74  191   2.823e-05
   74  192   4.186e-05
   74  193   6.108e-07
   74  194   3.615e-06
   74  195   1.692e-09
   74  196   1.369e-10
   74  197   3.211e-19
   74  199   3.177e-19
   75  185   1.795e-13
   75  187   4.921e-09
   75  188   1.352e-10
   75  189   3.483e-06
   75  190   1.288e-06
   75  191   3.061e-05
   75  192   5.459e-06
   75  193   4.654e-05
   75  194   9.282e-06
   75  195   2.292e-08
   75  196   2.857e-10
   75  197   4.596e-07
   75  198   8.395e-14
   75  199   9.022e-10
   75  200   1.296e-12
   75  201   1.099e-18
   76  188   4.823e-14
   76  189   1.087e-09
   76  190   2.100e-07
   76  191   1.739e-06
   76  192   1.960e-05
   76  193   7.864e-06
   76  194   5.959e-05
   76  195   5.692e-05
   76  196   5.883e-05
   76  197   3.137e-05
   76  198   7.233e-06
   76  199   3.958e-09
   76  200   1.049e-09
   76  201   1.966e-08
   76  202   1.242e-16
   77  191   2.883e-11
   77  193   2.094e-09
   77  194   1.150e-11
   77  195   6.116e-06
   77  196   1.003e-06
   77  197   1.060e-05
   77  198   1.122e-06
   77  199   2.766e-08
   77  200   7.513e-08
   77  201   9.595e-07
   77  202   5.921e-09
   77  203   1.858e-12
   78  194   3.817e-15
   78  195   2.032e-08
   78  196   7.163e-07
   78  197   9.591e-07
   78  198   1.254e-05
   78  199   1.768e-05
   78  200   8.989e-06
   78  201   3.553e-06
   78  202   1.321e-06
   78  203   3.648e-09
   78  204   1.526e-09
   79  197   2.875e-10
   79  198   1.106e-16
   79  199   4.818e-07
   79  200   9.471e-09
   79  201   9.614e-07
   79  202   2.007e-10
   79  203   3.898e-07
   79  204   1.509e-07
   79  205   4.370e-08
   79  206   7.142e-19
   79  207   1.744e-12
   80  198   1.238e-20
   80  199   4.822e-11
   80  200   8.735e-11
   80  201   1.504e-08
   80  202   2.844e-10
   80  203   5.066e-07
   80  204   4.266e-07
   80  205   2.341e-07
   80  206   3.876e-07
   80  207   2.055e-07
   80  208   4.415e-07
   80  209   4.564e-08
   80  210   1.000e-16
   81  203   3.996e-12
   81  204   1.846e-18
   81  205   3.540e-08
   81  206   4.650e-08
   81  207   8.068e-08
   81  208   1.013e-08
   81  209   1.794e-07
   81  210   2.032e-07
   81  211   1.724e-09
   81  212   5.825e-16
   81  213   2.299e-07
   81  214   8.654e-18
   82  206   6.488e-09
   82  207   1.007e-08
   82  208   2.194e-09
   82  209   6.963e-08
   82  210   2.629e-07
   82  211   3.857e-07
   82  212   4.793e-07
   82  213   3.732e-07
   82  214   5.579e-07
   82  215   2.959e-07
   82  216   5.284e-07
   82  217   1.243e-08
   82  218   2.687e-09
   82  219   6.521e-09
   82  220   8.027e-15
   82  221   1.247e-09
   82  222   2.312e-20
   83  209   1.670e-10
   83  210   7.948e-13
   83  211   7.897e-09
   83  212   7.966e-10
   83  213   2.211e-08
   83  214   2.065e-08
   83  215   1.616e-07
   83  216   2.186e-08
   83  217   2.659e-07
   83  218   1.160e-07
   83  219   1.380e-07
   83  220   1.195e-08
   83  221   8.549e-10
   83  222   1.196e-14
   83  223   6.572e-14
   83  224   8.386e-18
   84  210   1.241e-16
   84  211   8.845e-14
   84  212   4.138e-20
   84  213   2.935e-17
   84  214   2.845e-15
   84  215   6.425e-13
   84  216   3.586e-11
   84  217   4.189e-09
   84  218   3.720e-07
   84  219   4.021e-07
   84  220   4.772e-07
   84  221   4.599e-07
   84  222   4.926e-07
   84  223   4.335e-09
   84  224   1.969e-10
   84  225   1.908e-13
   84  226   2.652e-17
   84  227   6.416e-17
   85  215   8.224e-20
   85  217   7.342e-14
   85  218   5.959e-13
   85  219   1.379e-08
   85  220   5.558e-08
   85  221   2.280e-07
   85  222   3.484e-08
   85  223   2.446e-07
   85  224   2.400e-07
   85  225   8.072e-08
   85  226   9.445e-10
   85  227   1.299e-10
   85  228   2.006e-12
   85  229   9.992e-16
   85  231   1.423e-17
   86  217   8.523e-20
   86  218   1.393e-17
   86  219   2.676e-11
   86  220   4.872e-09
   86  221   5.535e-08
   86  222   2.586e-08
   86  223   4.181e-07
   86  224   2.702e-07
   86  225   6.622e-07
   86  226   6.082e-07
   86  227   6.320e-08
   86  228   2.498e-07
   86  229   5.848e-09
   86  230   1.828e-10
   86  231   6.222e-15
   86  232   3.550e-13
   86  233   4.209e-18
   87  221   6.040e-10
   87  222   7.980e-16
   87  223   9.466e-09
   87  224   1.304e-09
   87  225   9.954e-08
   87  226   4.711e-08
   87  227   6.304e-07
   87  228   1.693e-07
   87  229   3.271e-07
   87  230   4.974e-08
   87  231   3.359e-08
   87  232   5.465e-11
   87  233   1.192e-09
   87  234   5.608e-14
   87  235   2.209e-15
   87  236   8.636e-19
   87  237   6.620e-20
   88  222   2.693e-17
   88  223   1.580e-10
   88  224   1.518e-10
   88  225   1.151e-08
   88  226   3.459e-08
   88  227   2.032e-07
   88  228   2.274e-07
   88  229   5.028e-07
   88  230   8.445e-07
   88  231   6.354e-07
   88  232   6.215e-07
   88  233   1.878e-07
   88  234   1.310e-07
   88  235   7.879e-09
   88  236   1.008e-10
   88  237   4.547e-13
   88  238   2.023e-16
   88  240   1.487e-20
   89  225   1.736e-13
   89  226   2.694e-19
   89  227   2.116e-09
   89  228   4.293e-14
   89  229   7.333e-08
   89  230   5.485e-09
   89  231   3.369e-07
   89  232   1.243e-07
   89  233   7.319e-07
   89  234   3.706e-07
   89  235   4.397e-07
   89  236   4.106e-08
   89  237   1.924e-08
   89  238   6.195e-10
   89  239   1.326e-10
   89  240   5.359e-15
   89  241   1.385e-12
   90  227   5.719e-17
   90  228   5.124e-17
   90  229   4.384e-10
   90  230   1.220e-09
   90  231   2.217e-08
   90  232   3.566e-08
   90  233   2.114e-07
   90  234   5.277e-07
   90  235   5.440e-07
   90  236   9.870e-07
   90  237   1.076e-06
   90  238   8.492e-07
   90  239   5.258e-07
   90  240   2.024e-07
   90  241   7.377e-09
   90  242   7.974e-08
   90  243   9.979e-11
   90  244   1.594e-13
   90  245   3.527e-14
   91  231   4.908e-12
   91  232   1.267e-17
   91  233   4.015e-09
   91  234   7.486e-12
   91  235   4.147e-08
   91  236   1.920e-08
   91  237   1.956e-07
   91  238   7.281e-08
   91  239   9.094e-07
   91  240   4.053e-07
   91  241   4.758e-07
   91  242   3.960e-08
   91  243   1.480e-07
   91  244   7.808e-10
   91  245   2.141e-12
   91  246   4.567e-13
   91  247   3.620e-18
   91  248   1.039e-20
   92  233   3.127e-14
   92  234   6.328e-15
   92  235   6.191e-10
   92  236   9.281e-10
   92  237   1.080e-08
   92  238   1.754e-08
   92  239   5.009e-09
   92  240   5.123e-07
   92  241   6.150e-07
   92  242   9.718e-07
   92  243   4.063e-07
   92  244   5.036e-07
   92  245   1.498e-07
   92  246   3.220e-09
   92  247   2.664e-10
   92  248   2.916e-12
   92  249   2.301e-12
   92  250   5.067e-16
   92  251   1.675e-13
   93  237   3.723e-13
   93  238   1.164e-18
   93  239   8.297e-11
   93  240   2.865e-10
   93  241   1.327e-08
   93  242   3.345e-08
   93  243   4.169e-07
   93  244   3.079e-07
   93  245   3.452e-07
   93  246   1.730e-08
   93  247   4.041e-08
   93  248   3.594e-11
   93  249   2.276e-12
   93  250   2.365e-13
   93  251   7.349e-14
   93  252   2.700e-18
   94  239   7.147e-15
   94  240   1.538e-12
   94  241   3.416e-10
   94  242   6.563e-09
   94  243   1.134e-07
   94  244   7.778e-08
   94  245   3.309e-07
   94  246   6.921e-07
   94  247   9.918e-07
   94  248   6.848e-07
   94  249   8.543e-07
   94  250   6.086e-08
   94  251   1.687e-08
   94  252   1.153e-08
   94  253   4.540e-09
   94  254   5.000e-13
   94  255   2.585e-15
   94  256   9.751e-20
   95  241   1.242e-17
   95  243   1.291e-10
   95  244   3.920e-16
   95  245   2.349e-10
   95  246   3.135e-11
   95  247   2.194e-10
   95  248   1.077e-07
   95  249   2.930e-07
   95  250   6.451e-07
   95  251   5.533e-07
   95  252   1.362e-07
   95  253   7.815e-08
   95  254   5.295e-09
   95  255   6.352e-10
   95  256   2.986e-11
   95  257   1.084e-14
   95  258   7.731e-17
   95  259   4.233e-20
   96  244   5.256e-19
   96  245   6.058e-13
   96  246   3.319e-13
   96  247   4.060e-12
   96  248   5.588e-09
   96  249   1.316e-08
   96  250   1.372e-07
   96  251   1.272e-07
   96  252   4.814e-07
   96  253   5.813e-07
   96  254   4.881e-07
   96  255   3.216e-07
   96  256   5.272e-08
   96  257   1.062e-08
   96  258   3.204e-10
   96  259   1.630e-09
   96  260   1.343e-13
   96  261   2.488e-14
   96  263   2.502e-18
   97  249   7.606e-11
   97  250   4.568e-16
   97  251   3.557e-09
   97  252   6.893e-09
   97  253   1.249e-08
   97  254   7.589e-08
   97  255   1.710e-07
   97  256   1.328e-07
   97  257   2.603e-08
   97  258   7.016e-09
   97  259   2.360e-08
   97  260   5.368e-09
   97  261   7.450e-09
   97  262   2.275e-10
   97  263   5.144e-14
   97  264   1.175e-12
   98  249   4.541e-17
   98  250   2.053e-18
   98  251   2.124e-11
   98  252   1.730e-13
   98  253   3.906e-11
   98  254   1.643e-09
   98  255   2.227e-09
   98  256   2.943e-08
   98  257   1.497e-08
   98  258   3.297e-08
   98  259   2.664e-07
   98  260   2.317e-07
   98  261   1.803e-07
   98  262   7.408e-08
   98  263   1.776e-07
   98  264   1.603e-09
   98  265   3.510e-10
   98  266   2.363e-15
   98  271   2.022e-17
   99  253   4.498e-16
   99  255   9.395e-12
   99  256   9.793e-12
   99  257   9.368e-13
   99  258   2.492e-11
   99  259   1.182e-08
   99  260   1.252e-07
   99  261   3.682e-07
   99  262   2.854e-07
   99  263   1.977e-07
   99  264   7.044e-08
   99  265   2.291e-09
   99  266   1.067e-09
   99  267   7.991e-13
   99  271   3.556e-17
   99  272   8.049e-16
  100  255   4.164e-17
  100  256   1.170e-13
  100  257   3.521e-17
  100  258   1.497e-18
  100  259   8.949e-13
  100  260   3.418e-13
  100  261   8.792e-09
  100  262   1.419e-07
  100  263   1.414e-07
  100  264   3.000e-07
  100  265   2.661e-08
  100  266   4.882e-08
  100  267   4.828e-11
  100  268   3.067e-16
  100  272   8.767e-19
  100  274   1.128e-20
  100  275   9.909e-17
  101  261   1.931e-11
  101  262   1.512e-17
  101  263   7.042e-11
  101  264   1.201e-11
  101  265   5.575e-10
  101  266   7.161e-09
  101  267   1.793e-10
  101  268   2.619e-13
  101  269   5.465e-19
  101  271   1.533e-13
  101  275   1.219e-19
  101  276   6.576e-20
  101  277   3.609e-17
  102  263   1.968e-16
  102  264   2.234e-13
  102  265   8.787e-14
  102  266   4.903e-10
  102  267   2.311e-11
  102  268   3.303e-13
  102  269   6.728e-16
  102  271   1.374e-12
  102  272   1.730e-17
  102  281   1.364e-17
  103  267   9.644e-14
  103  268   8.494e-20
  103  269   5.413e-19
  110  324   3.005e-12
  110  326   3.699e-08
  110  327   1.034e-07
  110  328   2.135e-08
  110  329   6.956e-12
  110  330   4.749e-08
  110  331   1.138e-07
  110  332   6.670e-08
  110  333   6.116e-07
  110  334   7.906e-09
  110  335   5.979e-08
  110  336   6.257e-08
  110  337   1.459e-07
  110  338   4.119e-08
  110  339   1.075e-07
